unique_id,ds,cutoff,AutoTFT,AutoNBEATS,AutoTiDE,AutoNLinear,AutoKAN,AutoMLP,AutoDLinear,AutoNHITS,AutoDeepNPTS,AutoPatchTST,y,SeasonalNaive,fold
H2OC (mmol/mol)_fold0_x0,2020-12-05,2020-12-04,-1.0145357,-1.0922728,-1.1112509,-0.9710579,-0.4644801,-1.1179072,-1.113599,-1.0042809,-0.98349273,-1.1085801,-0.8336953984947091,-1.101778028921377,0
H2OC (mmol/mol)_fold0_x0,2020-12-06,2020-12-04,-0.7976429,-1.0740583,-0.88935155,-0.9446065,-0.47578973,-0.8728138,-1.0206434,-0.9857823,-0.8946192,-1.1770216,-0.6954270562409736,-1.2188203567419724,0
H2OC (mmol/mol)_fold0_x0,2020-12-07,2020-12-04,-0.7395472,-0.89326143,-0.8255354,-0.91004777,-0.46784276,-0.43479845,-0.8651789,-0.7805975,-0.8419019,-0.9680566,-0.6352264767905628,-0.6248143290004065,0
H2OC (mmol/mol)_fold0_x0,2020-12-08,2020-12-04,-0.7310083,-0.8098054,-0.9603286,-0.92574716,-0.40244204,-0.72359395,-0.9457382,-0.24139805,-0.79751503,-0.9679498,-0.7347722126139411,-0.7734014365529068,0
H2OC (mmol/mol)_fold0_x0,2020-12-09,2020-12-04,-0.7298399,-0.8476279,-1.0580026,-0.97328377,-0.40184408,-1.2472537,-1.0650175,-0.48761022,-0.9341361,-0.94434756,-0.6153048786270349,-0.9651623826254276,0
H2OC (mmol/mol)_fold0_x0,2020-12-10,2020-12-04,-0.7296817,-0.80512005,-1.1263129,-0.9162702,-0.20635173,-0.91212887,-1.0884901,-0.5340976,-0.6498005,-0.971174,-0.6154449523641223,-0.8538037616410201,0
H2OC (mmol/mol)_fold0_x0,2020-12-11,2020-12-04,-0.72966045,-0.60222423,-1.0299137,-0.89618576,-0.15466756,-0.7201083,-0.98620665,-0.21363239,-0.70942694,-0.9293116,-0.7096678861781829,-0.8287461264509576,0
H2OC (mmol/mol)_fold0_x0,2020-12-12,2020-12-04,-0.72965777,-0.65004027,-0.97827536,-0.98337036,-0.36730486,-0.5215999,-0.96163094,-0.2538973,-0.83157766,-0.9295592,-0.6184331920886514,-0.5829478453598674,0
H2OC (mmol/mol)_fold0_x0,2020-12-13,2020-12-04,-0.72965765,-0.7710211,-1.0156683,-0.9717092,-0.28333074,-0.8348214,-1.0191656,-0.0780984,-0.84789926,-1.0314434,-0.36278305815575407,-0.056208338917338625,0
H2OC (mmol/mol)_fold0_x0,2020-12-14,2020-12-04,-0.7296576,-0.88079923,-0.90651643,-0.94132257,-0.014080465,-0.71459556,-0.9280415,-0.4206931,-0.8924002,-0.9562782,-0.4939543310637328,-0.2418682955522791,0
H2OC (mmol/mol)_fold0_x0,2020-12-15,2020-12-04,-0.7296578,-0.6621687,-0.79739684,-0.915943,-0.09344815,-0.8082929,-0.83146906,-0.5441973,-0.83253694,-0.91598403,-0.49624220210282544,-0.9342839054719596,0
H2OC (mmol/mol)_fold0_x0,2020-12-16,2020-12-04,-0.7296578,-0.6166608,-0.89352584,-0.9086019,-0.26778013,-0.39614612,-0.8771465,-0.5068743,-0.9021395,-1.1110555,-0.10963868774186292,-0.976477227832369,0
H2OC (mmol/mol)_fold0_x0,2020-12-17,2020-12-04,-0.7296579,-0.5661003,-0.9404283,-0.87590873,-0.31088984,-0.46772787,-0.7339077,0.014487058,-0.9076237,-1.0372591,-0.4064238091327323,-0.6784470065562791,0
H2OC (mmol/mol)_fold0_x0,2020-12-18,2020-12-04,-0.729658,-0.7827548,-0.916417,-0.9148263,0.40134984,-0.60912853,-0.83658457,-0.26170266,-0.90321577,-1.0811121,-0.5754772460485444,-0.6948823250411896,0
PAR (�mol/m�/s)_fold0_x1,2020-12-05,2020-12-04,-0.6070597,-0.7146374,-0.5285233,-0.5531561,-0.49511057,-0.58622843,-0.5456804,-0.5558063,-0.5545693,-0.5644626,-0.6037034631833689,-0.4746432103567496,0
PAR (�mol/m�/s)_fold0_x1,2020-12-06,2020-12-04,-0.5162406,-0.5914565,-0.54727507,-0.5547364,-0.56254613,-0.5825796,-0.5576536,-0.5531669,-0.5495607,-0.57227236,-0.6083283890320873,-0.47257423376973445,0
PAR (�mol/m�/s)_fold0_x1,2020-12-07,2020-12-04,-0.48048812,-0.6239109,-0.535372,-0.55077523,-0.5529243,-0.5747711,-0.5863868,-0.6204629,-0.53729767,-0.54457957,-0.5707960445531114,-0.6257479737249639,0
PAR (�mol/m�/s)_fold0_x1,2020-12-08,2020-12-04,-0.47512913,-0.6969653,-0.5745484,-0.5551058,-0.5270338,-0.5633712,-0.57758385,-0.652333,-0.5282637,-0.5450306,-0.49396355142835957,-0.6392157779744742,0
PAR (�mol/m�/s)_fold0_x1,2020-12-09,2020-12-04,-0.474394,-0.5523406,-0.5217668,-0.535868,-0.6353217,-0.4945102,-0.54438674,-0.6626388,-0.5012181,-0.5360476,-0.6183260152155229,-0.5400847683716135,0
PAR (�mol/m�/s)_fold0_x1,2020-12-10,2020-12-04,-0.47429454,-0.4166805,-0.5691553,-0.56925666,-0.57694656,-0.5045193,-0.5788446,-0.6446476,-0.5073037,-0.55257344,-0.6494240866519807,-0.5951573206897194,0
PAR (�mol/m�/s)_fold0_x1,2020-12-11,2020-12-04,-0.47428134,-0.58006305,-0.57594645,-0.56692576,-0.58075464,-0.50834644,-0.56082755,-0.61293554,-0.53733677,-0.5630408,-0.6398809115103334,-0.5883697835497483,0
PAR (�mol/m�/s)_fold0_x1,2020-12-12,2020-12-04,-0.4742797,-0.48571014,-0.55898577,-0.5547789,-0.5471733,-0.5330963,-0.55320007,-0.6241894,-0.53934824,-0.5494121,-0.5876122167788143,-0.6332982705142441,0
PAR (�mol/m�/s)_fold0_x1,2020-12-13,2020-12-04,-0.47427964,-0.48335016,-0.56695235,-0.55075383,-0.5296524,-0.57168376,-0.59756505,-0.6446589,-0.541849,-0.56847537,-0.610262662042794,-0.636776015345951,0
PAR (�mol/m�/s)_fold0_x1,2020-12-14,2020-12-04,-0.47427967,-0.8046306,-0.5275001,-0.55510956,-0.46695843,-0.5918784,-0.58330077,-0.6221627,-0.5432694,-0.537051,-0.5017653318989428,-0.608379724344023,0
PAR (�mol/m�/s)_fold0_x1,2020-12-15,2020-12-04,-0.47427976,-0.6405846,-0.5756834,-0.54316896,-0.54592663,-0.5927338,-0.5947298,-0.6502287,-0.5404989,-0.57414883,-0.6048947094825912,-0.49037571757510307,0
PAR (�mol/m�/s)_fold0_x1,2020-12-16,2020-12-04,-0.47427997,-0.41411144,-0.56066155,-0.55547875,-0.50680107,-0.5861837,-0.588962,-0.6328511,-0.5408309,-0.5437005,-0.5054545010644884,-0.5083831361000285,0
PAR (�mol/m�/s)_fold0_x1,2020-12-17,2020-12-04,-0.4742801,-0.39610195,-0.56666064,-0.54653275,-0.52482414,-0.55411565,-0.55665123,-0.60624087,-0.5284647,-0.5629984,-0.5534914450242524,-0.562101830841798,0
PAR (�mol/m�/s)_fold0_x1,2020-12-18,2020-12-04,-0.47428012,-0.4395332,-0.5620251,-0.53645307,-0.5041762,-0.5363227,-0.5013423,-0.5963191,-0.5327277,-0.5200906,-0.49099648909284466,-0.5368501986158098,0
Tdew (degC)_fold0_x2,2020-12-05,2020-12-04,-1.1136627,-1.2113416,-1.2895048,-1.1005733,-0.45256764,-1.129746,-1.3093418,-1.1332077,-1.1273658,-1.3225092,-0.8683070567564664,-1.24429679148814,0
Tdew (degC)_fold0_x2,2020-12-06,2020-12-04,-0.86806107,-1.0996757,-0.96302265,-1.0448778,-0.36607394,-0.8514521,-1.1568768,-1.0792803,-0.9766367,-1.4076077,-0.6632740325033286,-1.4988969406325632,0
Tdew (degC)_fold0_x2,2020-12-07,2020-12-04,-0.80455333,-0.74541664,-0.8641817,-0.9853822,-0.26810342,-0.3571478,-0.93437856,-1.0225493,-0.9127161,-1.1188538,-0.5790414042329286,-0.5364148171933996,0
Tdew (degC)_fold0_x2,2020-12-08,2020-12-04,-0.7952371,-0.78800297,-1.0719256,-0.9987365,-0.29735652,-0.7109673,-1.0546436,-0.4519434,-0.9016731,-1.124522,-0.7074368095495744,-0.7253017324948207,0
Tdew (degC)_fold0_x2,2020-12-09,2020-12-04,-0.7939636,-0.93778193,-1.2041512,-1.0651088,-0.33446908,-1.206173,-1.2152616,-0.5136583,-1.0710266,-1.080018,-0.5365437282429144,-1.004426382456535,0
Tdew (degC)_fold0_x2,2020-12-10,2020-12-04,-0.7937921,-0.93435353,-1.3293209,-0.989275,0.124260336,-0.91247964,-1.2706647,-0.48329967,-0.71428293,-1.1155361,-0.5359421433451791,-0.8405696959358857,0
Tdew (degC)_fold0_x2,2020-12-11,2020-12-04,-0.7937698,-0.73880064,-1.1471713,-0.9550886,-0.07085447,-0.82585454,-1.0895307,-0.32513338,-0.78415436,-1.0569026,-0.6824495511186409,-0.813272781201147,0
Tdew (degC)_fold0_x2,2020-12-12,2020-12-04,-0.79376715,-0.62356144,-1.0807376,-1.0889208,-0.15987451,-0.61655056,-1.0529546,-0.3605494,-0.9210887,-1.0612886,-0.5591998451951237,-0.46552448254777157,0
Tdew (degC)_fold0_x2,2020-12-13,2020-12-04,-0.7937671,-0.8298391,-1.130719,-1.0686743,-0.3298747,-0.7509546,-1.14037,-0.13970038,-0.9583992,-1.1883626,-0.21579155187541,0.13278392601235142,0
Tdew (degC)_fold0_x2,2020-12-14,2020-12-04,-0.7937673,-0.95672977,-0.97019833,-1.024631,-0.078944,-0.68641186,-1.0119452,-0.581961,-0.9469818,-1.0574708,-0.36614480595939386,-0.07057325459709521,0
Tdew (degC)_fold0_x2,2020-12-15,2020-12-04,-0.7937674,-0.59527045,-0.83213836,-0.98563564,-0.12994353,-3.369159,-0.87955797,-1.3859037,-0.86526275,-1.0092943,-0.3804109621056878,-0.9604032590472633,0
Tdew (degC)_fold0_x2,2020-12-16,2020-12-04,-0.7937676,-0.5116271,-1.0049084,-0.97852397,0.042434677,-0.3647927,-0.9527417,-0.5587309,-0.97964114,-1.3018045,0.08776174196934076,-1.0432930638852183,0
Tdew (degC)_fold0_x2,2020-12-17,2020-12-04,-0.79376775,-0.41431087,-1.0846908,-0.9257582,-0.15300731,-0.5502121,-0.73816645,0.007767573,-0.96558064,-1.2306525,-0.24130519709186193,-0.593275332616844,0
Tdew (degC)_fold0_x2,2020-12-18,2020-12-04,-0.7937678,-0.6923377,-1.0253274,-0.98822844,0.3337134,-0.4897747,-0.8953162,-0.14492483,-0.94624346,-1.2978547,-0.4584236322370033,-0.6326254304812076,0
max. PAR (�mol/m�/s)_fold0_x3,2020-12-05,2020-12-04,-0.5190131,-0.59741795,-0.46157578,-0.48191583,-0.43952376,-0.5003114,-0.47557566,-0.46587163,-0.48455545,-0.4871781,-0.5241177402616256,-0.4341108937080219,0
max. PAR (�mol/m�/s)_fold0_x3,2020-12-06,2020-12-04,-0.44981283,-0.50538486,-0.47677267,-0.48580295,-0.45070305,-0.51378006,-0.4901176,-0.47641343,-0.48273265,-0.5012325,-0.5303457480155145,-0.43243084036467994,0
max. PAR (�mol/m�/s)_fold0_x3,2020-12-07,2020-12-04,-0.4191145,-0.44973934,-0.46410635,-0.48373985,-0.48249182,-0.5101047,-0.5080615,-0.5619552,-0.47953433,-0.48282963,-0.47616138973118294,-0.5417331428299665,0
max. PAR (�mol/m�/s)_fold0_x3,2020-12-08,2020-12-04,-0.4144912,-0.46554095,-0.49731225,-0.4886152,-0.4535904,-0.49537805,-0.50015104,-0.5723442,-0.47475424,-0.47488257,-0.44253006150699586,-0.5547194748494926,0
max. PAR (�mol/m�/s)_fold0_x3,2020-12-09,2020-12-04,-0.41385666,-0.43834975,-0.4639589,-0.47634208,-0.5282663,-0.4264279,-0.47801352,-0.59178066,-0.47165552,-0.4646533,-0.5382870030062178,-0.46850412878534214,0
max. PAR (�mol/m�/s)_fold0_x3,2020-12-10,2020-12-04,-0.41377056,-0.3430972,-0.50118095,-0.49993756,-0.4959827,-0.4557972,-0.5077393,-0.5908136,-0.47921628,-0.47785732,-0.5639965057068529,-0.5194239048223062,0
max. PAR (�mol/m�/s)_fold0_x3,2020-12-11,2020-12-04,-0.41375914,-0.5110292,-0.5060442,-0.49661508,-0.532089,-0.44452578,-0.49170762,-0.5279421,-0.47980928,-0.48377103,-0.555835697737339,-0.5099863649779786,0
max. PAR (�mol/m�/s)_fold0_x3,2020-12-12,2020-12-04,-0.41375756,-0.45228615,-0.49050134,-0.48979577,-0.50117594,-0.4662073,-0.48988873,-0.53774476,-0.4811746,-0.48053476,-0.515370594150077,-0.5507371896738501,0
max. PAR (�mol/m�/s)_fold0_x3,2020-12-13,2020-12-04,-0.4137574,-0.43275696,-0.49871254,-0.48577428,-0.38843337,-0.49965635,-0.5262024,-0.58655035,-0.48022446,-0.50318956,-0.5317486634853279,-0.5540816486195066,0
max. PAR (�mol/m�/s)_fold0_x3,2020-12-14,2020-12-04,-0.4137574,-0.7352525,-0.46429613,-0.48548815,-0.38435805,-0.5188081,-0.50799644,-0.55233043,-0.48054862,-0.4770996,-0.44516469725272223,-0.5228977856074877,0
max. PAR (�mol/m�/s)_fold0_x3,2020-12-15,2020-12-04,-0.41375753,-0.530353,-0.4937769,-0.4765353,-0.44497696,-0.5185445,-0.5096837,-0.60152555,-0.4768499,-0.49991867,-0.5272864704710465,-0.405076633269681,0
max. PAR (�mol/m�/s)_fold0_x3,2020-12-16,2020-12-04,-0.41375744,-0.36441803,-0.48565847,-0.48617125,-0.44783455,-0.5195101,-0.50206643,-0.5994302,-0.4797855,-0.4815935,-0.44553752713906025,-0.4415623661013732,0
max. PAR (�mol/m�/s)_fold0_x3,2020-12-17,2020-12-04,-0.41375744,-0.28250015,-0.48515275,-0.48105147,-0.46064132,-0.50670385,-0.46663782,-0.551603,-0.47109973,-0.4971742,-0.48002450750829695,-0.4907253944834005,0
max. PAR (�mol/m�/s)_fold0_x3,2020-12-18,2020-12-04,-0.41375744,-0.33826277,-0.48845553,-0.47493258,-0.4270029,-0.4896743,-0.43372646,-0.54682773,-0.47339243,-0.46062893,-0.4445250360175053,-0.47075222607624034,0
max. wv (m/s)_fold0_x4,2020-12-05,2020-12-04,0.07205245,-0.14370392,-0.113595635,-0.14774874,0.12977591,-0.34607565,-0.10259546,0.0072241873,-0.09824845,-0.41942662,-0.5057817188105879,-0.8876302674583585,0
max. wv (m/s)_fold0_x4,2020-12-06,2020-12-04,0.04927641,0.24903089,-0.08053443,-0.20947276,0.15087235,-0.27267817,-0.15554553,0.2539031,-0.3613599,-0.61247313,-0.8528184504151325,-0.6268553522987687,0
max. wv (m/s)_fold0_x4,2020-12-07,2020-12-04,0.060244724,-0.15431362,0.03946811,-0.23581685,0.06970461,0.037592158,0.108054936,0.22007434,-0.28690243,-0.4079007,0.05159570658926511,0.9034982545487448,0
max. wv (m/s)_fold0_x4,2020-12-08,2020-12-04,0.061970487,0.027731784,0.082206875,-0.292746,-0.07441177,0.0936628,-0.07033014,0.17921276,-0.27609462,-0.40823078,-0.7283207283086383,0.35997768777612943,0
max. wv (m/s)_fold0_x4,2020-12-09,2020-12-04,0.062208846,-0.0707402,0.11680481,-0.21979366,0.15765852,0.34488708,-0.022820204,0.080691665,-0.23935726,-0.6934105,-0.9048485469981001,-0.3653405840750711,0
max. wv (m/s)_fold0_x4,2020-12-10,2020-12-04,0.062241256,-0.024652302,0.28173378,-0.12088498,0.5483845,0.29468894,0.1650694,0.1644,-0.29435563,-0.64039636,-0.8173202816924601,-0.5229289125944862,0
max. wv (m/s)_fold0_x4,2020-12-11,2020-12-04,0.062245578,0.34989423,-0.17051178,-0.33401686,0.111735106,0.27527124,-0.09797841,0.48436975,-0.23993677,-0.7780503,-0.10120424800297718,-0.5014481066530349,0
max. wv (m/s)_fold0_x4,2020-12-12,2020-12-04,0.062246278,0.52319443,-0.18026641,-0.19661036,0.38632065,0.36537135,-0.055032775,0.67697084,-0.11383863,-0.6831811,-0.24228739935442778,0.01885285917664176,0
max. wv (m/s)_fold0_x4,2020-12-13,2020-12-04,0.062246293,0.75604904,-0.059150636,-0.094770215,0.42913288,0.26647663,-0.025774494,0.8441655,-0.23332107,-0.5233057,-0.8073957748378169,0.1352183708146414,0
max. wv (m/s)_fold0_x4,2020-12-14,2020-12-04,0.062246397,0.73777723,-0.25988242,-0.18752015,0.51708674,0.3098585,-0.018600613,0.5714078,-0.2285442,-0.49794036,0.245671979447584,0.6790599458952236,0
max. wv (m/s)_fold0_x4,2020-12-15,2020-12-04,0.062246263,0.8223676,-0.21139714,-0.20610653,0.10541335,0.21624246,-0.24053176,0.19769265,-0.034814276,-0.12830608,-0.09788716215398592,-0.1851211698439898,0
max. wv (m/s)_fold0_x4,2020-12-16,2020-12-04,0.062245607,0.78217,-0.024382055,-0.10096436,-0.24454878,-0.04554318,-0.062453568,0.45818484,0.17010924,-0.08724993,-0.47247710685902244,0.4321778063763504,0
max. wv (m/s)_fold0_x4,2020-12-17,2020-12-04,0.062240377,1.2002329,-0.024743855,-0.24262425,-0.33498576,0.082544476,-0.42558956,0.549855,0.20958441,-0.30489874,0.3206809207425153,0.2844872340192478,0
max. wv (m/s)_fold0_x4,2020-12-18,2020-12-04,0.06220144,1.0344678,-0.123649344,-0.143977,-0.095210046,0.11579719,-0.22102031,0.3994879,-0.007028818,-0.44136602,-0.3677748970771534,0.9498839550499613,0
rain (mm)_fold0_x5,2020-12-05,2020-12-04,-0.10633576,-0.11658491,-0.074110895,-0.09059439,0.14004432,-0.06962024,-0.07800927,0.85868675,-0.028165756,-0.104268886,-0.0935055214483151,-0.0935055214483151,0
rain (mm)_fold0_x5,2020-12-06,2020-12-04,-0.09609112,-0.40516376,-0.07924978,-0.09362559,-0.2269226,-0.07754519,-0.09749695,-0.04930339,-0.06947719,-0.115735725,-0.0935055214483151,-0.0935055214483151,0
rain (mm)_fold0_x5,2020-12-07,2020-12-04,-0.076993376,-0.3420248,-0.0767785,-0.089104444,-0.23491544,-0.045306996,-0.06624938,0.5582693,-0.060968794,-0.050654653,-0.0935055214483151,-0.07653809637125882,0
rain (mm)_fold0_x5,2020-12-08,2020-12-04,-0.07405409,-0.52773595,-0.09141696,-0.088064335,-0.1677957,-0.0716224,-0.085966334,0.7821146,-0.0800123,-0.057797324,-0.0935055214483151,0.1779732797845854,0
rain (mm)_fold0_x5,2020-12-09,2020-12-04,-0.073649555,-0.52455306,-0.093278445,-0.10046583,-0.26359382,-0.06359498,-0.08265374,0.22927004,-0.07628541,-0.069788404,0.042233879168135154,-0.0935055214483151,0
rain (mm)_fold0_x5,2020-12-10,2020-12-04,-0.07359469,-0.46689597,-0.103523314,-0.09128625,-0.22759871,-0.05017502,-0.086858556,-0.23920952,-0.07497347,-0.054305397,-0.07088228801224006,-0.0935055214483151,0
rain (mm)_fold0_x5,2020-12-11,2020-12-04,-0.07358733,-0.34818122,-0.10154596,-0.09179998,-0.28611493,-0.03974905,-0.092993684,-0.30281597,-0.078766085,-0.047937084,-0.0935055214483151,-0.07653809637125882,0
rain (mm)_fold0_x5,2020-12-12,2020-12-04,-0.073586315,-0.22965485,-0.08799977,-0.100252636,-0.24084947,0.046015322,-0.08981606,-0.13655937,-0.063958034,-0.0481517,-0.0652264796532213,0.08748034604028525,0
rain (mm)_fold0_x5,2020-12-13,2020-12-04,-0.07358611,-0.35505307,-0.100544654,-0.09494801,-0.37034124,-0.0028732568,-0.096874595,0.24628207,-0.07491845,-0.06409955,-0.0935055214483151,0.20059651322066047,0
rain (mm)_fold0_x5,2020-12-14,2020-12-04,-0.07358599,-0.14227888,-0.094752245,-0.086639345,-0.3629921,-0.018602531,-0.07501642,0.061148155,-0.010325715,-0.03868603,-0.0935055214483151,-0.03694743785812749,0
rain (mm)_fold0_x5,2020-12-15,2020-12-04,-0.07358599,-0.33900878,-0.07251955,-0.09126328,-0.23368599,-0.054663185,-0.08015685,-0.16183424,0.075518474,-0.02258028,-0.059570671294202536,-0.08784971308929634,0
rain (mm)_fold0_x5,2020-12-16,2020-12-04,-0.07358599,-0.41077185,-0.08236974,-0.083790846,-0.46075785,-0.08143712,-0.061656244,-0.31488156,0.0746075,-0.034781963,-0.0935055214483151,-0.0935055214483151,0
rain (mm)_fold0_x5,2020-12-17,2020-12-04,-0.07358599,-0.41939062,-0.070577346,-0.09042477,-0.4414424,-0.08607576,-0.037387896,-0.27784866,-0.07953333,-0.029342026,-0.0935055214483151,-0.0935055214483151,0
rain (mm)_fold0_x5,2020-12-18,2020-12-04,-0.07358596,-0.4055622,-0.06766173,-0.09099074,-0.3637915,-0.101845324,-0.054739475,0.023929562,-0.09082366,-0.07428557,-0.0935055214483151,-0.0935055214483151,0
wd (deg)_fold0_x6,2020-12-05,2020-12-04,0.11362207,-0.25342354,0.17163381,0.011188325,-0.31750494,-0.041460663,0.041597907,0.36601213,0.043328654,-0.04835756,0.13661851070668554,-0.03255872279729448,0
wd (deg)_fold0_x6,2020-12-06,2020-12-04,0.08125141,-0.2685874,0.002182886,-0.03120409,-0.491469,-0.048114747,-0.24747428,0.024505176,-0.15998563,-0.47042638,-0.35462385154986126,-0.12343871522334128,0
wd (deg)_fold0_x6,2020-12-07,2020-12-04,0.09039447,-0.39108735,0.38579482,-0.01829996,-0.31735405,-0.0024110898,0.20844242,0.12107162,0.033940013,-0.20690393,0.04600074723405716,0.19182652007796686,0
wd (deg)_fold0_x6,2020-12-08,2020-12-04,0.09185764,-0.4095501,0.13207668,-0.11658085,-0.16756752,0.058135964,0.11220907,0.12268852,0.019825496,-0.14810053,-0.5706263061739951,0.8337513884721652,0
wd (deg)_fold0_x6,2020-12-09,2020-12-04,0.09206012,-0.35114512,0.038398955,-0.0675994,-0.2417725,0.24707142,0.1633519,-0.009748548,0.1030867,0.06824771,-0.17356560095962115,0.5096391048049633,0
wd (deg)_fold0_x6,2020-12-10,2020-12-04,0.0920877,-0.23851384,0.09946912,0.011374652,0.048976954,0.0002970621,0.19655791,-0.03663244,0.09592065,0.06950732,-0.25302773074044205,0.08649162497040569,0
wd (deg)_fold0_x6,2020-12-11,2020-12-04,0.09209128,-0.12295535,0.04925198,-0.10773342,0.084861465,-0.026053756,-0.046996396,0.08508612,0.098236814,0.121285684,0.07440089843299288,0.23026754014166903,0
wd (deg)_fold0_x6,2020-12-12,2020-12-04,0.09209111,-0.40662396,0.24340263,-0.09153136,0.33065262,0.024179548,-0.002678994,0.1363053,0.20478448,0.049762167,0.08515805959708295,-0.025822528438257625,0
wd (deg)_fold0_x6,2020-12-13,2020-12-04,0.09208581,-0.42098895,0.040652618,-0.05948992,0.3303247,-0.043029398,-0.19225064,0.039935734,0.19367027,-0.23789784,0.09814235478883596,0.18147821248941046,0
wd (deg)_fold0_x6,2020-12-14,2020-12-04,0.09204623,-0.010117544,-0.024452522,-0.031635217,0.29220957,0.1877687,0.0086555,0.34090284,-0.07064069,-0.17339647,0.03516053768743684,0.5058699859055122,0
wd (deg)_fold0_x6,2020-12-15,2020-12-04,0.09175359,-0.37275413,0.15570587,-0.04662116,0.09581541,-7.7094803,-0.07233454,0.065679,0.32672542,-0.20721027,0.010438471584024755,0.666616518629982,0
wd (deg)_fold0_x6,2020-12-16,2020-12-04,0.08963415,-0.32111257,0.14933379,-0.014768764,0.09155525,0.20476784,-0.019682433,-0.10620885,0.24649519,-0.37472025,0.08336533249342457,0.18349852410288742,0
wd (deg)_fold0_x6,2020-12-17,2020-12-04,0.075998396,-0.16992073,0.21373424,-0.10131448,0.04351014,0.18434435,0.16401052,-0.15360805,0.37960324,-0.1399597,0.040958752163901685,0.14346121830189656,0
wd (deg)_fold0_x6,2020-12-18,2020-12-04,0.027571201,-0.11103533,-0.019017033,0.054947317,0.043762352,0.3086285,0.25129753,0.013083734,0.19411582,0.12731773,0.07675659774514981,0.13917943534874896,0
H2OC (mmol/mol)_fold1_x7,2020-12-05,2020-12-04,-0.7511781,-0.8859719,-0.92955315,-0.9638623,-0.9330712,-0.9123534,-1.0190805,-1.1674156,-0.99516654,-0.913124,-0.8336953984947091,-1.101778028921377,1
H2OC (mmol/mol)_fold1_x7,2020-12-06,2020-12-04,-0.6590355,-0.8733117,-0.82604486,-0.92677087,-0.88457537,-0.7952198,-0.96585363,-0.7837309,-0.89072394,-0.8935336,-0.6954270562409736,-1.2188203567419724,1
H2OC (mmol/mol)_fold1_x7,2020-12-07,2020-12-04,-0.649767,-0.88690656,-0.8042095,-0.92576987,-0.8341582,-0.83695215,-0.8609582,-0.90478206,-0.91792446,-0.8840549,-0.6352264767905628,-0.6248143290004065,1
H2OC (mmol/mol)_fold1_x7,2020-12-08,2020-12-04,-0.64857775,-0.88693947,-0.94824576,-0.8952756,-0.7421187,-0.92595935,-0.97706217,-0.7653679,-0.8071986,-0.91913104,-0.7347722126139411,-0.7734014365529068,1
H2OC (mmol/mol)_fold1_x7,2020-12-09,2020-12-04,-0.6484349,-0.8708467,-0.9164817,-0.97241414,-0.73250306,-0.9212779,-0.9894139,-0.79193723,-0.79213053,-0.9678562,-0.6153048786270349,-0.9651623826254276,1
H2OC (mmol/mol)_fold1_x7,2020-12-10,2020-12-04,-0.64842176,-0.9608891,-1.0615823,-0.93514484,-0.73408234,-0.8938939,-1.0736623,-0.80534303,-0.8532345,-0.95572066,-0.6154449523641223,-0.8538037616410201,1
H2OC (mmol/mol)_fold1_x7,2020-12-11,2020-12-04,-0.64842254,-0.98818666,-0.97106516,-0.9030417,-0.6883943,-0.94382334,-0.96231073,-0.5331387,-0.8258323,-0.95723987,-0.7096678861781829,-0.8287461264509576,1
H2OC (mmol/mol)_fold1_x7,2020-12-12,2020-12-04,-0.6484239,-0.89816093,-0.884771,-0.97878724,-0.76867664,-0.9371448,-0.9690455,-0.57070804,-0.8720711,-0.9201781,-0.6184331920886514,-0.5829478453598674,1
H2OC (mmol/mol)_fold1_x7,2020-12-13,2020-12-04,-0.64842474,-0.8511208,-0.97671956,-0.9265317,-0.8237338,-0.8953036,-1.0263462,-0.7824054,-0.9412088,-0.9584576,-0.36278305815575407,-0.056208338917338625,1
H2OC (mmol/mol)_fold1_x7,2020-12-14,2020-12-04,-0.6484253,-0.76828086,-0.94925296,-0.9150232,-0.76378334,-0.8254831,-0.9486126,-0.56700504,-0.9438784,-0.94340634,-0.4939543310637328,-0.2418682955522791,1
H2OC (mmol/mol)_fold1_x7,2020-12-15,2020-12-04,-0.64842576,-0.81464744,-0.9489113,-0.9052903,-0.8017907,-0.8290065,-0.91741157,-0.7572182,-0.9301377,-0.90751,-0.49624220210282544,-0.9342839054719596,1
H2OC (mmol/mol)_fold1_x7,2020-12-16,2020-12-04,-0.648426,-0.8273947,-0.8349482,-0.9527919,-0.81466067,-0.8243358,-0.87567246,-0.9983221,-0.9136249,-0.8726235,-0.10963868774186292,-0.976477227832369,1
H2OC (mmol/mol)_fold1_x7,2020-12-17,2020-12-04,-0.6484261,-0.8087944,-0.8234654,-0.9364368,-0.8190761,-0.7677044,-0.8129101,-0.6602535,-0.8566795,-0.86694133,-0.4064238091327323,-0.6784470065562791,1
H2OC (mmol/mol)_fold1_x7,2020-12-18,2020-12-04,-0.6484263,-0.7128853,-0.86575425,-0.9100636,-0.84329194,-0.8351548,-0.8099789,-0.5849503,-0.9160386,-0.87670785,-0.5754772460485444,-0.6948823250411896,1
OT_fold1_x8,2020-12-05,2020-12-04,0.04602144,0.0142092705,0.06289729,0.072507165,0.07315186,0.06124901,0.06947977,0.070167884,0.07487184,0.067897186,0.09480541995557776,0.062237962104810675,1
OT_fold1_x8,2020-12-06,2020-12-04,0.017849311,0.050912395,0.059174027,0.0701999,0.07874887,0.1103715,0.055045642,0.048577808,0.07545208,0.062813945,0.13654727970564184,0.08652722366994825,1
OT_fold1_x8,2020-12-07,2020-12-04,0.012796156,-0.0040402347,0.076454274,0.07247221,0.08180176,0.018872842,0.03353216,0.04003157,0.06856872,0.06418876,0.09924384986270794,0.04627388381131372,1
OT_fold1_x8,2020-12-08,2020-12-04,0.012103833,-0.023152597,0.067743294,0.06987593,0.102765575,0.015506621,0.05847892,0.070761636,0.07614481,0.06604092,0.09351585168997718,0.024172166832857837,1
OT_fold1_x8,2020-12-09,2020-12-04,0.012010016,-0.022920035,0.06072224,0.07494031,0.09659314,0.024023674,0.051447183,0.039001968,0.06160102,0.05764842,0.13995116115846132,0.02312857512282764,1
OT_fold1_x8,2020-12-10,2020-12-04,0.01199732,-0.011383146,0.05837579,0.07236442,0.09536794,0.02846428,0.041482314,0.05230761,0.07709442,0.063584924,0.11066548183643535,0.055765685014500015,1
OT_fold1_x8,2020-12-11,2020-12-04,0.011995591,-0.012585573,0.06925952,0.075721815,0.084965825,0.03816607,0.064248316,0.070301466,0.071225464,0.061249115,0.10887310855283061,0.06304188856640901,1
OT_fold1_x8,2020-12-12,2020-12-04,0.011995338,0.047628872,0.06989728,0.070519194,0.09298261,0.025602117,0.058257505,0.03780267,0.07177159,0.059204254,0.0789363148190007,0.055304478972805556,1
OT_fold1_x8,2020-12-13,2020-12-04,0.011995308,-0.012839273,0.0724736,0.070480786,0.08961902,0.042856246,0.048141178,0.057410378,0.058858342,0.06270219,0.10960922956839785,0.06968868152024087,1
OT_fold1_x8,2020-12-14,2020-12-04,0.011995308,-0.037743203,0.07502685,0.06927173,0.07618446,0.044970002,0.06953187,0.06529847,0.08536959,0.06366245,0.07827615715147725,0.030348710489275756,1
OT_fold1_x8,2020-12-15,2020-12-04,0.011995308,-0.059100937,0.060139276,0.07231476,0.08786784,0.043304782,0.06917527,0.069760725,0.08989184,0.060775958,0.06930705612887801,0.02430781566865034,1
OT_fold1_x8,2020-12-16,2020-12-04,0.011995308,-0.07032326,0.08861933,0.068717964,0.07685915,0.05731944,0.05517255,0.0650322,0.08336341,0.06379247,0.08633008069526317,0.04054588563858297,1
OT_fold1_x8,2020-12-17,2020-12-04,0.011995308,-0.0326196,0.09086937,0.06813148,0.081523046,0.03636197,0.06256148,0.10366379,0.09244931,0.07119983,0.07630111010233863,0.045995351535153155,1
OT_fold1_x8,2020-12-18,2020-12-04,0.011995308,-0.031776503,0.06276044,0.066119805,0.104833364,0.027503066,0.05688036,0.07751314,0.0799728,0.0662476,0.08950607210395127,0.04284287259133575,1
PAR (�mol/m�/s)_fold1_x9,2020-12-05,2020-12-04,-0.5099485,-0.45912534,-0.5483312,-0.5587201,-0.56582385,-0.55990195,-0.57457477,-0.5518139,-0.5550971,-0.54156905,-0.6037034631833689,-0.4746432103567496,1
PAR (�mol/m�/s)_fold1_x9,2020-12-06,2020-12-04,-0.3665836,-0.4445449,-0.54519075,-0.55214953,-0.55661976,-0.5829587,-0.5681513,-0.5863764,-0.5569836,-0.5345087,-0.6083283890320873,-0.47257423376973445,1
PAR (�mol/m�/s)_fold1_x9,2020-12-07,2020-12-04,-0.36393818,-0.45688143,-0.5138572,-0.54466414,-0.5065501,-0.5796724,-0.60695815,-0.59955394,-0.55612874,-0.5309437,-0.5707960445531114,-0.6257479737249639,1
PAR (�mol/m�/s)_fold1_x9,2020-12-08,2020-12-04,-0.36358425,-0.45631787,-0.5684098,-0.55621463,-0.5006289,-0.5628416,-0.5765828,-0.5925425,-0.5561793,-0.54771215,-0.49396355142835957,-0.6392157779744742,1
PAR (�mol/m�/s)_fold1_x9,2020-12-09,2020-12-04,-0.36346313,-0.44029078,-0.5350828,-0.5569538,-0.47130498,-0.57150465,-0.5511692,-0.63098484,-0.5585391,-0.5529364,-0.6183260152155229,-0.5400847683716135,1
PAR (�mol/m�/s)_fold1_x9,2020-12-10,2020-12-04,-0.3634274,-0.53106046,-0.56303775,-0.56183434,-0.4566437,-0.54078597,-0.5869572,-0.5674439,-0.5652563,-0.5556254,-0.6494240866519807,-0.5951573206897194,1
PAR (�mol/m�/s)_fold1_x9,2020-12-11,2020-12-04,-0.36342236,-0.5597472,-0.60156953,-0.5616152,-0.44427058,-0.5698737,-0.56469715,-0.59773135,-0.5597446,-0.5617565,-0.6398809115103334,-0.5883697835497483,1
PAR (�mol/m�/s)_fold1_x9,2020-12-12,2020-12-04,-0.36342916,-0.47177267,-0.53191847,-0.54570925,-0.4417556,-0.5580921,-0.5551262,-0.5429004,-0.54621285,-0.54849255,-0.5876122167788143,-0.6332982705142441,1
PAR (�mol/m�/s)_fold1_x9,2020-12-13,2020-12-04,-0.36344102,-0.42744565,-0.5674581,-0.5406674,-0.4338532,-0.566828,-0.62477773,-0.5564662,-0.53484386,-0.56970775,-0.610262662042794,-0.636776015345951,1
PAR (�mol/m�/s)_fold1_x9,2020-12-14,2020-12-04,-0.36345524,-0.34798068,-0.57858,-0.5611955,-0.46362087,-0.56043845,-0.62392735,-0.58597463,-0.5267651,-0.5547854,-0.5017653318989428,-0.608379724344023,1
PAR (�mol/m�/s)_fold1_x9,2020-12-15,2020-12-04,-0.36347055,-0.39838415,-0.5880849,-0.547797,-0.46214038,-0.5591132,-0.5936805,-0.6013574,-0.5177741,-0.55989194,-0.6048947094825912,-0.49037571757510307,1
PAR (�mol/m�/s)_fold1_x9,2020-12-16,2020-12-04,-0.3634865,-0.41583002,-0.53586626,-0.5614034,-0.4353577,-0.530345,-0.5684663,-0.56973785,-0.5385214,-0.5362694,-0.5054545010644884,-0.5083831361000285,1
PAR (�mol/m�/s)_fold1_x9,2020-12-17,2020-12-04,-0.3635029,-0.40259025,-0.5145624,-0.5456582,-0.42474356,-0.5551131,-0.5596976,-0.58310443,-0.5397724,-0.5251307,-0.5534914450242524,-0.562101830841798,1
PAR (�mol/m�/s)_fold1_x9,2020-12-18,2020-12-04,-0.3635194,-0.3127039,-0.50442624,-0.5463495,-0.41898495,-0.5024522,-0.5180109,-0.6002878,-0.52642757,-0.5299548,-0.49099648909284466,-0.5368501986158098,1
T (degC)_fold1_x10,2020-12-05,2020-12-04,-0.7904641,-0.9364211,-1.2663779,-1.2787528,-1.2332952,-1.2766206,-1.3545295,-1.5550424,-1.3139689,-1.336266,-1.2686269949042028,-1.6185871529877782,1
T (degC)_fold1_x10,2020-12-06,2020-12-04,-0.70719653,-0.91475713,-1.1582854,-1.301898,-1.2736737,-1.1878,-1.2529132,-1.1496546,-1.2404872,-1.3353264,-1.342548262975418,-1.6888247776123284,1
T (degC)_fold1_x10,2020-12-07,2020-12-04,-0.6928221,-0.9192936,-1.2529356,-1.3307089,-1.1883624,-1.1197306,-1.1775509,-1.353235,-1.2320126,-1.3346397,-1.1254450255656783,-0.9255085091247651,1
T (degC)_fold1_x10,2020-12-08,2020-12-04,-0.69069666,-0.91021353,-1.3939925,-1.3384635,-1.1021179,-1.2545285,-1.3806633,-1.1067384,-1.1713651,-1.4385587,-1.164798923635724,-1.061591661458885,1
T (degC)_fold1_x10,2020-12-09,2020-12-04,-0.69040465,-0.88495356,-1.4439445,-1.4023082,-1.1082203,-1.355586,-1.4879742,-1.0741034,-1.1621548,-1.4781382,-1.2858566965055145,-1.197620830393732,1
T (degC)_fold1_x10,2020-12-10,2020-12-04,-0.690365,-0.96577394,-1.4661785,-1.3670496,-1.1449308,-1.3773999,-1.5120549,-1.0069273,-1.2308335,-1.4243573,-1.2915609423620322,-1.2093982086684667,1
T (degC)_fold1_x10,2020-12-11,2020-12-04,-0.69035983,-0.9837947,-1.4279643,-1.3318013,-1.0629836,-1.4198503,-1.4883462,-0.79328394,-1.2415828,-1.4359869,-1.2822218142877966,-1.2357780964465583,1
T (degC)_fold1_x10,2020-12-12,2020-12-04,-0.690359,-0.88443804,-1.3155842,-1.3938996,-1.0742588,-1.43233,-1.4934341,-0.8246334,-1.2298268,-1.3837582,-1.1699453410330871,-0.9256704593225843,1
T (degC)_fold1_x10,2020-12-13,2020-12-04,-0.690359,-0.8280121,-1.4478723,-1.3374014,-0.98299855,-1.3791268,-1.4749633,-1.1634642,-1.2817466,-1.4907804,-0.945446377922941,-0.5716473268899928,1
T (degC)_fold1_x10,2020-12-14,2020-12-04,-0.690359,-0.73573184,-1.3534002,-1.3211945,-0.8471736,-1.1611813,-1.3380741,-1.1013193,-1.2645466,-1.4748003,-0.9216307016103185,-0.472965673018877,1
T (degC)_fold1_x10,2020-12-15,2020-12-04,-0.690359,-0.77260387,-1.3709441,-1.3132255,-0.876606,-1.1830004,-1.3703886,-1.1210396,-1.236609,-1.3549882,-0.7860244026364439,-1.112965863100394,1
T (degC)_fold1_x10,2020-12-16,2020-12-04,-0.690359,-0.7758014,-1.247583,-1.3764066,-0.80534726,-1.1129987,-1.2138464,-1.3050375,-1.238198,-1.2818568,-0.587239532046689,-1.2612312692037966,1
T (degC)_fold1_x10,2020-12-17,2020-12-04,-0.690359,-0.7475971,-1.213814,-1.3083338,-0.87142277,-0.85395133,-1.0960567,-1.1043,-1.2072415,-1.2469531,-0.8813051023533582,-1.0292376108279102,1
T (degC)_fold1_x10,2020-12-18,2020-12-04,-0.690359,-0.6420297,-1.2601063,-1.3088162,-0.85981715,-1.115483,-1.145508,-0.93171144,-1.2372506,-1.287903,-1.1199387188398284,-0.6075282929401395,1
VPact (mbar)_fold1_x11,2020-12-05,2020-12-04,-0.75949943,-0.9120555,-0.9481214,-0.98646975,-0.9763052,-0.91475767,-1.0419161,-1.1921853,-1.0213836,-0.92768383,-0.860863852927045,-1.086743231465888,1
VPact (mbar)_fold1_x11,2020-12-06,2020-12-04,-0.6666839,-0.8993276,-0.83486634,-0.9361983,-0.91215646,-0.8003738,-0.97816646,-0.8036065,-0.91880655,-0.9029509,-0.7240975351813718,-1.2126682722518183,1
VPact (mbar)_fold1_x11,2020-12-07,2020-12-04,-0.6533404,-0.9128417,-0.803309,-0.9313712,-0.8547488,-0.83397317,-0.8647694,-0.92282176,-0.9401663,-0.8930563,-0.6632019293937107,-0.6210410028444843,1
VPact (mbar)_fold1_x11,2020-12-08,2020-12-04,-0.65189964,-0.91278094,-0.9582933,-0.89705664,-0.7577767,-0.92269087,-0.9901792,-0.7828343,-0.8302396,-0.93004584,-0.7552482834597811,-0.7640153551101447,1
VPact (mbar)_fold1_x11,2020-12-09,2020-12-04,-0.6517195,-0.8965819,-0.9184085,-0.98068607,-0.7374903,-0.90489495,-0.99064684,-0.80005896,-0.816909,-0.9776343,-0.6305347146676709,-0.9467653585751127,1
VPact (mbar)_fold1_x11,2020-12-10,2020-12-04,-0.6516957,-0.9865047,-1.0706741,-0.94233096,-0.74472547,-0.892074,-1.0859809,-0.81597006,-0.87983996,-0.96601295,-0.6325250768801859,-0.8409286377509028,1
VPact (mbar)_fold1_x11,2020-12-11,2020-12-04,-0.6516926,-1.0136697,-0.9710333,-0.90760696,-0.6965622,-0.9441962,-0.9657608,-0.5575723,-0.8481683,-0.9625144,-0.7351393065031812,-0.8180710653579726,1
VPact (mbar)_fold1_x11,2020-12-12,2020-12-04,-0.6516922,-0.92349863,-0.8788784,-0.9802937,-0.7754907,-0.94314635,-0.9731721,-0.6008024,-0.8957155,-0.92331064,-0.6473422177955752,-0.5701603942213826,1
VPact (mbar)_fold1_x11,2020-12-13,2020-12-04,-0.65169215,-0.8763001,-0.98260653,-0.9261616,-0.82979274,-0.90659636,-1.0353116,-0.8077744,-0.96325284,-0.9658425,-0.3746310016300287,-0.052113340575118884,1
VPact (mbar)_fold1_x11,2020-12-14,2020-12-04,-0.6516921,-0.7932888,-0.9651854,-0.91606325,-0.7640854,-0.8229018,-0.96412563,-0.59418666,-0.9725818,-0.95477796,-0.5004977167833579,-0.24121354728953948,1
VPact (mbar)_fold1_x11,2020-12-15,2020-12-04,-0.65169215,-0.83947134,-0.9496695,-0.9079209,-0.79548013,-0.82828265,-0.9226084,-0.7977886,-0.9614932,-0.9116677,-0.502914585184269,-0.9193741833647873,1
VPact (mbar)_fold1_x11,2020-12-16,2020-12-04,-0.65169215,-0.85202134,-0.8382606,-0.9584261,-0.8156321,-0.80673206,-0.8764736,-1.0190328,-0.9438342,-0.8785214,-0.10338886233562417,-0.9705549259723159,1
VPact (mbar)_fold1_x11,2020-12-17,2020-12-04,-0.65169215,-0.8332107,-0.82588315,-0.9469329,-0.8273245,-0.73649126,-0.8132758,-0.6786363,-0.8881767,-0.8791769,-0.3983257898742549,-0.6738961771546047,1
VPact (mbar)_fold1_x11,2020-12-18,2020-12-04,-0.65169215,-0.7370787,-0.8708305,-0.9160375,-0.8485021,-0.807452,-0.8143383,-0.61292875,-0.94388235,-0.8866966,-0.5638101909719301,-0.7018244342317992,1
max. PAR (�mol/m�/s)_fold1_x12,2020-12-05,2020-12-04,-0.36125875,-0.4295423,-0.4770547,-0.4854533,-0.48691416,-0.479961,-0.5005906,-0.48270798,-0.4848545,-0.47129205,-0.5241177402616256,-0.4341108937080219,1
max. PAR (�mol/m�/s)_fold1_x12,2020-12-06,2020-12-04,-0.3163866,-0.4161722,-0.47438496,-0.48291036,-0.4918756,-0.5040043,-0.49655297,-0.50183964,-0.48652974,-0.46507984,-0.5303457480155145,-0.43243084036467994,1
max. PAR (�mol/m�/s)_fold1_x12,2020-12-07,2020-12-04,-0.32123482,-0.42977348,-0.45075256,-0.4788286,-0.43977314,-0.49858108,-0.5251695,-0.508116,-0.48724848,-0.46195072,-0.47616138973118294,-0.5417331428299665,1
max. PAR (�mol/m�/s)_fold1_x12,2020-12-08,2020-12-04,-0.32204065,-0.43052903,-0.49655166,-0.4881398,-0.44538444,-0.48248684,-0.5054335,-0.5027638,-0.48882997,-0.47828555,-0.44253006150699586,-0.5547194748494926,1
max. PAR (�mol/m�/s)_fold1_x12,2020-12-09,2020-12-04,-0.322183,-0.41587558,-0.47567195,-0.48932293,-0.42971545,-0.48590532,-0.48491,-0.54834974,-0.48415157,-0.48629,-0.5382870030062178,-0.46850412878534214,1
max. PAR (�mol/m�/s)_fold1_x12,2020-12-10,2020-12-04,-0.32222226,-0.5080732,-0.49907374,-0.49244162,-0.41065228,-0.45638236,-0.51570785,-0.49397936,-0.48864895,-0.4879754,-0.5639965057068529,-0.5194239048223062,1
max. PAR (�mol/m�/s)_fold1_x12,2020-12-11,2020-12-04,-0.32224554,-0.53824234,-0.52856845,-0.49211338,-0.39252058,-0.48423818,-0.49542683,-0.5257694,-0.4874084,-0.4938028,-0.555835697737339,-0.5099863649779786,1
max. PAR (�mol/m�/s)_fold1_x12,2020-12-12,2020-12-04,-0.32226637,-0.45180452,-0.46962997,-0.48188835,-0.395803,-0.4710411,-0.49077213,-0.48169196,-0.47361517,-0.48128745,-0.515370594150077,-0.5507371896738501,1
max. PAR (�mol/m�/s)_fold1_x12,2020-12-13,2020-12-04,-0.32228687,-0.40906858,-0.5026362,-0.47632453,-0.37804073,-0.49940187,-0.54555625,-0.49174964,-0.45387527,-0.5006646,-0.5317486634853279,-0.5540816486195066,1
max. PAR (�mol/m�/s)_fold1_x12,2020-12-14,2020-12-04,-0.3223073,-0.33124918,-0.50127876,-0.49114054,-0.400543,-0.49074495,-0.53821206,-0.5192785,-0.43375927,-0.48720354,-0.44516469725272223,-0.5228977856074877,1
max. PAR (�mol/m�/s)_fold1_x12,2020-12-15,2020-12-04,-0.32232767,-0.38335276,-0.5106419,-0.47957042,-0.40258643,-0.4828711,-0.5141525,-0.5303792,-0.444402,-0.48844266,-0.5272864704710465,-0.405076633269681,1
max. PAR (�mol/m�/s)_fold1_x12,2020-12-16,2020-12-04,-0.32234803,-0.40255296,-0.46632472,-0.49154782,-0.37638175,-0.4620544,-0.49123865,-0.5102494,-0.46319214,-0.46763173,-0.44553752713906025,-0.4415623661013732,1
max. PAR (�mol/m�/s)_fold1_x12,2020-12-17,2020-12-04,-0.32236838,-0.39112195,-0.44638896,-0.47986367,-0.36959514,-0.48560303,-0.47795805,-0.50649196,-0.45247266,-0.45646742,-0.48002450750829695,-0.4907253944834005,1
max. PAR (�mol/m�/s)_fold1_x12,2020-12-18,2020-12-04,-0.32238874,-0.30309874,-0.44430202,-0.47962707,-0.36384964,-0.43948263,-0.4499971,-0.52400154,-0.43879834,-0.46232978,-0.4445250360175053,-0.47075222607624034,1
rh (%)_fold1_x13,2020-12-05,2020-12-04,0.27311802,0.52457136,0.62258065,0.4904827,0.39330286,0.60415983,0.5294367,0.68348193,0.5141001,0.73044324,0.9193549111046444,1.007685902145274,1
rh (%)_fold1_x13,2020-12-06,2020-12-04,0.20713305,0.47426218,0.684778,0.6802915,0.63082,0.8578875,0.4458887,0.6027708,0.75287735,0.79947156,1.5728935992603055,0.6758700575351608,1
rh (%)_fold1_x13,2020-12-07,2020-12-04,0.20010224,0.40364018,1.0927145,0.7833143,0.96821654,0.46627557,0.628375,0.5859536,0.79302514,0.86033076,1.1808237050288624,0.7701885489199971,1
rh (%)_fold1_x13,2020-12-08,2020-12-04,0.19824949,0.35252252,0.9275858,0.91490376,1.2425492,0.32151055,0.7303568,0.8307962,0.80551267,0.9557108,1.0141473461512895,0.7128635819502631,1
rh (%)_fold1_x13,2020-12-09,2020-12-04,0.19812816,0.32347265,1.1370112,0.80395675,1.0916116,0.71759105,1.0017407,0.7774166,0.9070399,0.99859357,1.7132253553740453,0.47414408379287415,1
rh (%)_fold1_x13,2020-12-10,2020-12-04,0.19808578,0.19423011,0.6997092,0.8260869,1.3465374,0.6797488,0.66473264,0.625965,0.62187684,0.9312471,1.7312574306319324,0.831986359198053,1
rh (%)_fold1_x13,2020-12-11,2020-12-04,0.19808733,0.13367468,0.8934575,0.8580964,1.3438973,0.7989305,1.0002198,0.84126437,0.626915,0.93954885,1.3646546028530038,0.9459549991236709,1
rh (%)_fold1_x13,2020-12-12,2020-12-04,0.19808891,0.19638485,0.93870765,0.79999083,1.0775156,0.7545148,0.96924037,0.47978616,1.053508,0.94826525,1.3399947216995074,0.9231168389202529,1
rh (%)_fold1_x13,2020-12-13,2020-12-04,0.1980904,0.22205167,0.97280115,0.84591967,0.8746249,0.8337314,0.7944871,0.44527847,1.0609813,0.9712577,1.514983608083026,1.3063002894927784,1
rh (%)_fold1_x13,2020-12-14,2020-12-04,0.19809115,0.28946066,0.783296,0.8210584,0.7768953,0.8187948,0.7492151,0.6319321,0.94562656,0.93212724,1.1384279634061096,0.6500364252817159,1
rh (%)_fold1_x13,2020-12-15,2020-12-04,0.1980916,0.23360525,0.7713882,0.8213016,0.91669405,0.7103447,0.8557826,0.44452143,0.85663295,0.8337147,0.7661230009460424,0.37885548897527266,1
rh (%)_fold1_x13,2020-12-16,2020-12-04,0.19809183,0.21731174,0.854393,0.80003214,0.93730277,0.7412561,0.6426948,0.48096344,1.1368327,0.8306216,1.251681985154156,0.544121124921992,1
rh (%)_fold1_x13,2020-12-17,2020-12-04,0.1980919,0.23830804,0.9183686,0.67619085,0.82937443,0.45811725,0.6467807,0.7247225,1.2015076,0.81378293,1.2920042232564948,0.8972276663939396,1
rh (%)_fold1_x13,2020-12-18,2020-12-04,0.1980919,0.34255528,0.8169815,0.76152706,0.78864884,0.31379604,0.6490816,0.53462744,1.3192886,0.8486656,1.454385467698924,-0.03451965392842537,1
sh (g/kg)_fold1_x14,2020-12-05,2020-12-04,-0.7507881,-0.88481456,-0.92847747,-0.96259886,-0.93152547,-0.911362,-1.017635,-1.1652151,-0.99380094,-0.91213834,-0.8331540361841456,-1.0998911495543298,1
sh (g/kg)_fold1_x14,2020-12-06,2020-12-04,-0.65877944,-0.8721527,-0.8253651,-0.925697,-0.8828634,-0.7946442,-0.96460783,-0.78244394,-0.889555,-0.8926484,-0.6953505769546244,-1.21640440551722,1
sh (g/kg)_fold1_x14,2020-12-07,2020-12-04,-0.6496293,-0.88574666,-0.8037235,-0.92472094,-0.8329336,-0.8361683,-0.8602201,-0.90292907,-0.916821,-0.8832129,-0.635328191905049,-0.6250350969482001,1
sh (g/kg)_fold1_x14,2020-12-08,2020-12-04,-0.6484541,-0.8857794,-0.947185,-0.8943834,-0.7413846,-0.92485887,-0.9758518,-0.7641953,-0.8063534,-0.918195,-0.7348611800058532,-0.7732556643268214,1
sh (g/kg)_fold1_x14,2020-12-09,2020-12-04,-0.6483153,-0.8696871,-0.91556525,-0.97118783,-0.73211527,-0.9203249,-0.9881546,-0.7910176,-0.79127276,-0.96674436,-0.6156596996140103,-0.9641119672014011,1
sh (g/kg)_fold1_x14,2020-12-10,2020-12-04,-0.648304,-0.9597306,-1.0600238,-0.9340803,-0.73388124,-0.89306164,-1.0720557,-0.8043467,-0.85222816,-0.9546234,-0.6155356864217592,-0.8530457522212364,1
sh (g/kg)_fold1_x14,2020-12-11,2020-12-04,-0.6483057,-0.9870301,-0.96986634,-0.9021038,-0.688138,-0.94276017,-0.9611587,-0.5325149,-0.82496744,-0.9561488,-0.7095376861481604,-0.8281191005787474,1
sh (g/kg)_fold1_x14,2020-12-12,2020-12-04,-0.6483076,-0.8970069,-0.8839263,-0.9775445,-0.76795566,-0.9361625,-0.9679063,-0.57006097,-0.871036,-0.9192232,-0.6187352267818398,-0.5833666643518006,1
sh (g/kg)_fold1_x14,2020-12-13,2020-12-04,-0.64830893,-0.8499702,-0.97557175,-0.9254903,-0.82305825,-0.89439684,-1.0249972,-0.7812231,-0.9399076,-0.95738184,-0.36376410351339517,-0.057649939760560244,1
sh (g/kg)_fold1_x14,2020-12-14,2020-12-04,-0.6483099,-0.7671342,-0.9481279,-0.91401935,-0.76359725,-0.82474005,-0.94749427,-0.56499517,-0.94246674,-0.9423746,-0.49462282397684987,-0.24287604370693616,1
sh (g/kg)_fold1_x14,2020-12-15,2020-12-04,-0.6483104,-0.81350553,-0.9477671,-0.90430737,-0.8015194,-0.828305,-0.9164065,-0.7550549,-0.9286621,-0.90657556,-0.49695427199117215,-0.9331582744155045,1
sh (g/kg)_fold1_x14,2020-12-16,2020-12-04,-0.6483109,-0.8262582,-0.83420986,-0.95164376,-0.81450605,-0.8236098,-0.87475604,-0.9964315,-0.9123362,-0.87179464,-0.11127324408997435,-0.9753227597809087,1
sh (g/kg)_fold1_x14,2020-12-17,2020-12-04,-0.64831114,-0.8076639,-0.82277626,-0.9353371,-0.8187396,-0.7671127,-0.8122017,-0.6597191,-0.8553451,-0.8661136,-0.40721832607821185,-0.6784351775315622,1
sh (g/kg)_fold1_x14,2020-12-18,2020-12-04,-0.6483114,-0.7117618,-0.86494565,-0.9090899,-0.8428569,-0.83425945,-0.809322,-0.58450377,-0.91463685,-0.8758676,-0.5759258728167294,-0.6949041294625201,1
PAR (�mol/m�/s)_fold2_x15,2020-12-05,2020-12-04,-0.6892695,-0.5992393,-0.57087374,-0.5341505,-0.6263093,-0.45213085,-0.55719745,-0.5520627,-0.5546786,-0.54706764,-0.6037034631833689,-0.4746432103567496,2
PAR (�mol/m�/s)_fold2_x15,2020-12-06,2020-12-04,-0.53690445,-0.5278394,-0.56535214,-0.57332605,-0.6431688,-0.25478694,-0.5508909,-0.56210196,-0.5477147,-0.54739356,-0.6083283890320873,-0.47257423376973445,2
PAR (�mol/m�/s)_fold2_x15,2020-12-07,2020-12-04,-0.5286596,-0.50787336,-0.5319661,-0.5276758,-0.67856085,-0.19229425,-0.6124415,-0.56236136,-0.5423661,-0.5295858,-0.5707960445531114,-0.6257479737249639,2
PAR (�mol/m�/s)_fold2_x15,2020-12-08,2020-12-04,-0.52743405,-0.57739323,-0.54976434,-0.52288264,-0.6814176,-0.25976714,-0.5881197,-0.5652971,-0.5480657,-0.5162847,-0.49396355142835957,-0.6392157779744742,2
PAR (�mol/m�/s)_fold2_x15,2020-12-09,2020-12-04,-0.52726585,-0.39620087,-0.53691894,-0.5354433,-0.6402781,-0.3420935,-0.5234982,-0.5581596,-0.5396253,-0.5304961,-0.6183260152155229,-0.5400847683716135,2
PAR (�mol/m�/s)_fold2_x15,2020-12-10,2020-12-04,-0.52724314,-0.42977226,-0.5415447,-0.5267867,-0.51690924,-0.6698698,-0.5763606,-0.5815819,-0.54760766,-0.5472273,-0.6494240866519807,-0.5951573206897194,2
PAR (�mol/m�/s)_fold2_x15,2020-12-11,2020-12-04,-0.52724004,-0.6183053,-0.580689,-0.5471992,-0.5277356,-0.89333797,-0.53661174,-0.6261487,-0.5559145,-0.5693076,-0.6398809115103334,-0.5883697835497483,2
PAR (�mol/m�/s)_fold2_x15,2020-12-12,2020-12-04,-0.52723974,-0.5635612,-0.5583793,-0.51640606,-0.5465145,-0.7914509,-0.5531237,-0.59150326,-0.5432006,-0.5743287,-0.5876122167788143,-0.6332982705142441,2
PAR (�mol/m�/s)_fold2_x15,2020-12-13,2020-12-04,-0.5272396,-0.47775242,-0.56454456,-0.56160504,-0.5854303,-0.77255565,-0.61366147,-0.56143856,-0.54475343,-0.5798178,-0.610262662042794,-0.636776015345951,2
PAR (�mol/m�/s)_fold2_x15,2020-12-14,2020-12-04,-0.52723956,-0.6648597,-0.5440632,-0.5579369,-0.684549,-0.77350146,-0.5975434,-0.542374,-0.54376984,-0.56119645,-0.5017653318989428,-0.608379724344023,2
PAR (�mol/m�/s)_fold2_x15,2020-12-15,2020-12-04,-0.5272396,-0.55826837,-0.5756268,-0.5179312,-0.75688887,-0.6637856,-0.60548025,-0.56409764,-0.53962004,-0.56302017,-0.6048947094825912,-0.49037571757510307,2
PAR (�mol/m�/s)_fold2_x15,2020-12-16,2020-12-04,-0.52723956,-0.47654793,-0.5594061,-0.53223026,-0.66413915,-0.54176265,-0.5784552,-0.5770048,-0.5440389,-0.53165334,-0.5054545010644884,-0.5083831361000285,2
PAR (�mol/m�/s)_fold2_x15,2020-12-17,2020-12-04,-0.5272395,-0.42176592,-0.5489383,-0.5294259,-0.7067266,-0.4520346,-0.5483604,-0.57094103,-0.53878695,-0.50687087,-0.5534914450242524,-0.562101830841798,2
PAR (�mol/m�/s)_fold2_x15,2020-12-18,2020-12-04,-0.52723956,-0.5205655,-0.50596845,-0.51382214,-0.5999327,-0.520355,-0.4927354,-0.55866873,-0.5428121,-0.4919874,-0.49099648909284466,-0.5368501986158098,2
VPdef (mbar)_fold2_x16,2020-12-05,2020-12-04,-0.8246168,-0.74295676,-0.7464388,-0.6881818,-0.7461479,-0.7797321,-0.7465264,-0.6725457,-0.70239747,-0.74520767,-0.7967437953759,-0.837727105348989,2
VPdef (mbar)_fold2_x16,2020-12-06,2020-12-04,-0.57095015,-0.73305494,-0.7087963,-0.74145615,-0.69777167,-0.51939833,-0.67905843,-0.68258494,-0.7176266,-0.74443835,-0.9531218772095933,-0.7623081464496873,2
VPdef (mbar)_fold2_x16,2020-12-07,2020-12-04,-0.56215715,-0.6176873,-0.695191,-0.708376,-0.7417075,-0.3321526,-0.6783927,-0.6828444,-0.74992377,-0.7376624,-0.850379642131829,-0.7169312083190406,2
VPdef (mbar)_fold2_x16,2020-12-08,2020-12-04,-0.5609115,-0.6013309,-0.81854886,-0.7054835,-0.76686,-0.265266,-0.74553955,-0.6857801,-0.8012458,-0.74885154,-0.8026262089266709,-0.7261195382853447,2
VPdef (mbar)_fold2_x16,2020-12-09,2020-12-04,-0.5607407,-0.52829576,-0.80915546,-0.68947107,-0.7592853,-0.18620175,-0.80214614,-0.6786425,-0.8006743,-0.76437736,-0.9850045586547714,-0.6902838749340484,2
VPdef (mbar)_fold2_x16,2020-12-10,2020-12-04,-0.56071764,-0.5250086,-0.76983404,-0.73117274,-0.79712415,-0.46246248,-0.72713447,-0.7020649,-0.79053116,-0.7925578,-0.9892751908926312,-0.7700376378554002,2
VPdef (mbar)_fold2_x16,2020-12-11,2020-12-04,-0.5607145,-0.6736802,-0.88252044,-0.7450499,-0.93949217,-0.74946266,-0.83861905,-0.74663174,-0.78231865,-0.84192705,-0.9057802129529892,-0.8034379819966773,2
VPdef (mbar)_fold2_x16,2020-12-12,2020-12-04,-0.56071395,-0.62233955,-0.88215286,-0.7397451,-0.8939155,-0.81343687,-0.8773173,-0.7119862,-0.7730908,-0.82404685,-0.8910741790760619,-0.7660258318137745,2
VPdef (mbar)_fold2_x16,2020-12-13,2020-12-04,-0.56071395,-0.52854854,-0.8380629,-0.7494454,-0.9541224,-0.96396464,-0.87072384,-0.68192154,-0.7639246,-0.810973,-0.926533367960109,-0.8367324426940406,2
VPdef (mbar)_fold2_x16,2020-12-14,2020-12-04,-0.56071395,-0.75236624,-0.753308,-0.7352343,-0.80439,-1.1204523,-0.7940724,-0.662857,-0.7440157,-0.77497303,-0.809967461038033,-0.6076947886812252,2
VPdef (mbar)_fold2_x16,2020-12-15,2020-12-04,-0.56071395,-0.6640549,-0.80378956,-0.7145571,-0.81898546,-1.0932165,-0.7797422,-0.6845806,-0.7528269,-0.7897626,-0.699001611816291,-0.6457657691818145,2
VPdef (mbar)_fold2_x16,2020-12-16,2020-12-04,-0.56071395,-0.65659475,-0.76294875,-0.7077238,-0.8129957,-0.94178027,-0.73072606,-0.6974878,-0.77148294,-0.7749498,-0.8211675764387008,-0.7094134838011554,2
VPdef (mbar)_fold2_x16,2020-12-17,2020-12-04,-0.56071395,-0.5149158,-0.72843057,-0.73461896,-0.77537596,-0.71372473,-0.6709737,-0.691424,-0.79393226,-0.7349926,-0.8582150169814557,-0.7716729488225145,2
VPdef (mbar)_fold2_x16,2020-12-18,2020-12-04,-0.56071395,-0.71503717,-0.7776928,-0.76558983,-0.75013876,-0.5411508,-0.7449655,-0.6791517,-0.79757947,-0.7315297,-0.8980742512014793,-0.3837160103220729,2
p (mbar)_fold2_x17,2020-12-05,2020-12-04,-1.2370156,-1.5565503,-1.4724084,-1.4277656,0.053305328,-0.5278109,-2.000439,-2.812177,-1.9970237,-1.9129118,-2.077316024834918,1.8904991200685375,2
p (mbar)_fold2_x17,2020-12-06,2020-12-04,-0.93290335,-0.8277572,-1.547176,-1.8456221,-0.27382624,-0.95628595,-1.0626279,-2.8222163,-1.1195879,-2.3729653,-2.0252731830143262,1.2059854380506063,2
p (mbar)_fold2_x17,2020-12-07,2020-12-04,-0.96231884,-0.761641,-0.46412134,-1.5284891,0.10227668,-1.1424448,-0.57511467,-2.8224757,-0.6132668,-2.3135905,-1.9150321539815596,0.3661871253575255,2
p (mbar)_fold2_x17,2020-12-08,2020-12-04,-0.96689445,-0.7504248,-0.57481384,-1.1633117,-0.6864189,-0.7722928,-0.21038187,-2.8254113,-0.41141856,-2.585587,-1.430876019468777,0.8807820462969153,2
p (mbar)_fold2_x17,2020-12-09,2020-12-04,-0.96731526,-0.6717658,-0.2477234,-1.7674599,0.40091252,-0.3041617,-0.07408619,-2.8182738,-0.3011976,-2.753111,-1.018918465607846,1.9074775652065574,2
p (mbar)_fold2_x17,2020-12-10,2020-12-04,-0.96736616,-1.5059862,-0.71621335,-1.4031863,-0.349279,-0.22964767,-1.3842909,-2.8416963,-0.42141294,-2.8574662,-1.1376482389388085,1.2303815259294002,2
p (mbar)_fold2_x17,2020-12-11,2020-12-04,-0.9673731,-2.0513937,-0.61391544,-1.446089,-0.41151655,-0.31236407,-0.8690525,-2.886263,-0.555357,-2.4766655,-1.832083845953036,1.0156927341147675,2
p (mbar)_fold2_x17,2020-12-12,2020-12-04,-0.9673738,-1.9335532,-0.23827958,-0.70889837,-0.32869935,-0.3587172,-0.8382865,-2.8516176,-0.3705865,-2.4526935,-1.984318009101708,0.9499793931826753,2
p (mbar)_fold2_x17,2020-12-13,2020-12-04,-0.967374,-1.268961,-0.5210197,-1.7813709,-0.019773245,-0.12510376,-0.6036006,-2.8215528,-0.40530008,-2.0326262,-0.7607479920989528,0.14897987196437604,2
p (mbar)_fold2_x17,2020-12-14,2020-12-04,-0.9673739,-0.5538432,-0.82364416,-1.3641038,-0.051494896,0.4046614,-1.1438447,-2.8024883,-0.51538193,-1.745797,-0.4153405842952455,0.031167365789808152,2
p (mbar)_fold2_x17,2020-12-15,2020-12-04,-0.967374,-0.20302421,-0.6842228,-1.0059159,-0.9670572,0.62048364,-0.76006985,-2.8242118,-0.21721804,-1.9606937,-0.43138471332899003,1.5566792013082618,2
p (mbar)_fold2_x17,2020-12-16,2020-12-04,-0.9673739,0.5111058,-0.66199374,-1.2813017,-0.32962906,0.7426293,-0.000864625,-2.837119,-0.25490206,-2.506812,0.23927436344716643,0.8120513791924785,2
p (mbar)_fold2_x17,2020-12-17,2020-12-04,-0.9673738,0.4662693,-0.28445238,-0.6680481,-0.03295207,0.8130683,0.41077733,-2.8310552,-0.22384733,-2.8395724,0.506883033223152,0.4350545779151095,2
p (mbar)_fold2_x17,2020-12-18,2020-12-04,-0.9673739,0.6987337,0.2112926,-0.7554669,-0.24736238,0.9066218,0.832241,-2.818783,-0.23112363,-2.155911,0.8589526972153967,-0.4088392521692351,2
rain (mm)_fold2_x18,2020-12-05,2020-12-04,-0.106582,0.3460598,-0.09211607,-0.09344695,-0.091603875,-0.07385993,-0.087042466,-0.08653207,-0.09200941,-0.09114693,-0.0935055214483151,-0.0935055214483151,2
rain (mm)_fold2_x18,2020-12-06,2020-12-04,-0.15248664,-0.12682834,-0.095428154,-0.08386779,-0.10255249,-0.039979137,-0.09114768,-0.09657136,-0.0899902,-0.09071346,-0.0935055214483151,-0.0935055214483151,2
rain (mm)_fold2_x18,2020-12-07,2020-12-04,-0.25172818,-0.0038371012,-0.07802082,-0.09658304,-0.067909494,-0.031531334,-0.06388989,-0.09683079,-0.082702875,-0.092168935,-0.0935055214483151,-0.07653809637125882,2
rain (mm)_fold2_x18,2020-12-08,2020-12-04,-0.25216758,-0.033715293,-0.100600325,-0.09512412,-0.091086306,-0.037018813,-0.080974,-0.099766545,-0.08125804,-0.08702804,-0.0935055214483151,0.1779732797845854,2
rain (mm)_fold2_x18,2020-12-09,2020-12-04,-0.2519946,-0.20782001,-0.0859351,-0.09063494,-0.074109055,-0.043490566,-0.07938609,-0.09262896,-0.087987825,-0.08958204,0.042233879168135154,-0.0935055214483151,2
rain (mm)_fold2_x18,2020-12-10,2020-12-04,-0.25196844,-0.24242425,-0.089064226,-0.09353396,-0.0807717,-0.037214607,-0.080483705,-0.1160513,-0.08859664,-0.095583424,-0.07088228801224006,-0.0935055214483151,2
rain (mm)_fold2_x18,2020-12-11,2020-12-04,-0.25196493,-0.37878948,-0.11347061,-0.089971416,-0.103136234,-0.046107076,-0.11040717,-0.16061813,-0.08812889,-0.096935615,-0.0935055214483151,-0.07653809637125882,2
rain (mm)_fold2_x18,2020-12-12,2020-12-04,-0.25196427,-0.30090967,-0.113142975,-0.08783361,-0.088081464,-0.053306557,-0.10366929,-0.12597263,-0.08861308,-0.0966991,-0.0652264796532213,0.08748034604028525,2
rain (mm)_fold2_x18,2020-12-13,2020-12-04,-0.25196427,-0.16391662,-0.11314209,-0.09690239,-0.1157696,-0.06830168,-0.1047155,-0.09590797,-0.08967373,-0.096667975,-0.0935055214483151,0.20059651322066047,2
rain (mm)_fold2_x18,2020-12-14,2020-12-04,-0.25196427,0.017011091,-0.108643696,-0.08925274,-0.075886786,-0.08074652,-0.096060194,-0.076843426,-0.08906768,-0.090789095,-0.0935055214483151,-0.03694743785812749,2
rain (mm)_fold2_x18,2020-12-15,2020-12-04,-0.25196427,-0.12225762,-0.08507245,-0.091131486,-0.061810322,-0.05513608,-0.0816427,-0.09856703,-0.08650558,-0.08393297,-0.059570671294202536,-0.08784971308929634,2
rain (mm)_fold2_x18,2020-12-16,2020-12-04,-0.25196427,-0.21125391,-0.06508417,-0.09046229,-0.060945176,-0.06391368,-0.06468229,-0.11147419,-0.08062175,-0.0758303,-0.0935055214483151,-0.0935055214483151,2
rain (mm)_fold2_x18,2020-12-17,2020-12-04,-0.25196427,-0.1939576,-0.036065534,-0.08389975,-0.052247148,-0.08029824,-0.040483348,-0.10541043,-0.084833086,-0.068820186,-0.0935055214483151,-0.0935055214483151,2
rain (mm)_fold2_x18,2020-12-18,2020-12-04,-0.25196427,0.0039395066,-0.034871973,-0.08668111,-0.05153092,-0.09941052,-0.05119338,-0.09313814,-0.08064567,-0.07462253,-0.0935055214483151,-0.0935055214483151,2
raining (s)_fold2_x19,2020-12-05,2020-12-04,-0.3191486,0.10329153,-0.22776225,-0.1888974,-0.026166722,-0.15689306,-0.096707076,-0.21833245,-0.20527466,-0.18815371,-0.15579008776327813,-0.2210504187684684,2
raining (s)_fold2_x19,2020-12-06,2020-12-04,-0.3772146,-0.032383088,-0.24246095,-0.13713476,-0.4321224,-0.10326411,-0.1698603,-0.22837175,-0.16439755,-0.16992593,-0.2210504187684684,-0.2210504187684684,2
raining (s)_fold2_x19,2020-12-07,2020-12-04,-0.36991566,0.35856393,-0.070941865,-0.21896207,0.12519285,-0.035955884,0.30803075,-0.22863118,-0.071164966,-0.12965828,-0.21973202824311103,-0.08459699939397963,2
raining (s)_fold2_x19,2020-12-08,2020-12-04,-0.36881554,0.064879626,-0.25942668,-0.17996043,-0.1483865,0.023932263,0.08152393,-0.23156694,-0.037536114,-0.055566877,-0.2210504187684684,0.17578512936410276,2
raining (s)_fold2_x19,2020-12-09,2020-12-04,-0.3686642,-0.092189915,-0.18098906,-0.19655386,0.13435373,0.023271434,-0.07685092,-0.22442935,-0.13185838,-0.066196665,1.1533717039165996,-0.2210504187684684,2
raining (s)_fold2_x19,2020-12-10,2020-12-04,-0.3686437,-0.022875406,-0.2379507,-0.22888367,-0.35593322,0.02898397,-0.053526256,-0.24785168,-0.13881645,-0.16222616,0.27993798086733573,-0.2210504187684684,2
raining (s)_fold2_x19,2020-12-11,2020-12-04,-0.36864084,-0.08800724,-0.45584604,-0.17798537,-0.16148075,0.067556545,-0.44252047,-0.29241854,-0.1398418,-0.24902554,-0.2210504187684684,-0.11426078621452068,2
raining (s)_fold2_x19,2020-12-12,2020-12-04,-0.36864054,0.05231429,-0.4359768,-0.16035046,-0.0787071,0.15283158,-0.22487742,-0.25777304,-0.16215459,-0.25903356,0.36695175554092274,0.8224556820518973,2
raining (s)_fold2_x19,2020-12-13,2020-12-04,-0.36864048,0.22396746,-0.39149147,-0.19816168,-0.16533506,0.15215662,-0.10779627,-0.22770837,-0.15742269,-0.25013664,-0.1966601940493569,2.370905354084139,2
raining (s)_fold2_x19,2020-12-14,2020-12-04,-0.36864042,0.52533686,-0.29403135,-0.18277106,0.2047256,0.07778831,0.044023357,-0.20864382,-0.1448349,-0.18117166,-0.2210504187684684,0.21599604038750286,2
raining (s)_fold2_x19,2020-12-15,2020-12-04,-0.36864042,0.5377497,-0.16978589,-0.16625877,0.20119482,0.050512638,-0.025898077,-0.23036742,-0.13533273,-0.15774049,0.40782186182700153,-0.19072743668524866,2
raining (s)_fold2_x19,2020-12-16,2020-12-04,-0.36864048,0.12169689,-0.017194733,-0.19636084,0.008856416,0.020331336,-0.035903633,-0.24327458,-0.04075338,-0.060167506,-0.2210504187684684,-0.20127456088810772,2
raining (s)_fold2_x19,2020-12-17,2020-12-04,-0.36864048,0.1590246,0.2470634,-0.09767599,0.07788676,-0.018341491,0.1408911,-0.23721081,-0.103107646,0.03153333,-0.2210504187684684,-0.2210504187684684,2
raining (s)_fold2_x19,2020-12-18,2020-12-04,-0.36864042,0.20637834,0.26346466,-0.1404444,0.05267489,-0.022704117,-0.09403415,-0.22493854,-0.057839602,0.024125308,-0.2210504187684684,-0.2210504187684684,2
rh (%)_fold2_x20,2020-12-05,2020-12-04,0.23071961,0.6204978,0.5619407,0.62287605,1.183856,0.9366373,0.5779948,0.05644225,0.47249895,0.88767487,0.9193549111046444,1.007685902145274,2
rh (%)_fold2_x20,2020-12-06,2020-12-04,0.20938598,0.6757617,0.39985985,0.6401098,0.8145565,0.7351918,0.35582376,0.046402954,0.56720537,1.0251845,1.5728935992603055,0.6758700575351608,2
rh (%)_fold2_x20,2020-12-07,2020-12-04,0.20673305,0.77908945,0.6501678,0.56837094,0.757914,0.6103859,0.45043635,0.046143524,0.7246361,1.1620545,1.1808237050288624,0.7701885489199971,2
rh (%)_fold2_x20,2020-12-08,2020-12-04,0.20632689,0.64676094,1.1284032,0.599849,1.252965,0.6602382,0.7711159,0.043207772,0.9281896,1.4059358,1.0141473461512895,0.7128635819502631,2
rh (%)_fold2_x20,2020-12-09,2020-12-04,0.20627066,0.6239825,0.8514752,0.51345384,0.7778958,0.7520867,0.79961646,0.050345354,0.9218151,1.4151418,1.7132253553740453,0.47414408379287415,2
rh (%)_fold2_x20,2020-12-10,2020-12-04,0.20626307,0.5571566,0.41780198,0.69118,0.8886119,0.68444383,0.303423,0.02692302,0.8824908,1.2321719,1.7312574306319324,0.831986359198053,2
rh (%)_fold2_x20,2020-12-11,2020-12-04,0.20626202,0.48971176,0.650295,0.6237478,1.2551191,0.31888407,0.6675564,-0.017643817,0.8544104,0.95684135,1.3646546028530038,0.9459549991236709,2
rh (%)_fold2_x20,2020-12-12,2020-12-04,0.20626187,0.62946373,0.74913895,0.67718434,1.6302918,0.21091253,0.85783863,0.017001681,0.8092032,0.85678613,1.3399947216995074,0.9231168389202529,2
rh (%)_fold2_x20,2020-12-13,2020-12-04,0.20626184,0.5829919,0.8733137,0.6382272,1.0219544,0.4338107,0.98509884,0.047066305,0.77332824,0.9143052,1.514983608083026,1.3063002894927784,2
rh (%)_fold2_x20,2020-12-14,2020-12-04,0.20626183,0.7383707,1.0248778,0.5863182,1.0038056,0.77513736,1.0294935,0.06613089,0.7067735,0.9574168,1.1384279634061096,0.6500364252817159,2
rh (%)_fold2_x20,2020-12-15,2020-12-04,0.20626184,0.71858513,0.7614025,0.7703654,0.91768694,0.90373874,0.7949495,0.044407286,0.7617326,0.9752972,0.7661230009460424,0.37885548897527266,2
rh (%)_fold2_x20,2020-12-16,2020-12-04,0.20626184,0.49996623,0.7952348,0.6514657,0.60486245,0.64036167,0.7112835,0.031500123,0.8437301,1.2129999,1.251681985154156,0.544121124921992,2
rh (%)_fold2_x20,2020-12-17,2020-12-04,0.20626187,0.523388,0.93037534,0.84645045,0.59947443,0.42662674,0.7274833,0.03756389,0.92124367,1.364709,1.2920042232564948,0.8972276663939396,2
rh (%)_fold2_x20,2020-12-18,2020-12-04,0.20626184,0.4743377,1.3381317,0.88493496,0.73874134,0.111876875,1.009993,0.04983614,0.9164325,1.4099562,1.454385467698924,-0.03451965392842537,2
rho (g/m**3)_fold2_x21,2020-12-05,2020-12-04,0.29849404,0.57989526,0.95448184,0.7002471,1.2064067,1.1230205,0.7472253,0.2901168,0.6453263,0.8548124,0.5532464341764388,2.035556979042206,2
rho (g/m**3)_fold2_x21,2020-12-06,2020-12-04,0.25519425,0.5007091,0.652035,0.65227884,1.253874,0.8674972,0.8342116,0.2800775,0.86942005,0.7887326,0.6273879360487267,1.915846220277586,2
rho (g/m**3)_fold2_x21,2020-12-07,2020-12-04,0.25808173,0.62744844,0.8410073,0.7439972,1.1159389,0.4503937,0.8913054,0.27981806,0.9907899,0.82466257,0.4593833621262287,0.9281605794485501,2
rho (g/m**3)_fold2_x21,2020-12-08,2020-12-04,0.25662777,0.7108886,1.2100848,0.8121742,0.86811125,0.40329832,1.2184405,0.2768823,1.0935645,0.8027826,0.6397086727966393,1.2046492951628212,2
rho (g/m**3)_fold2_x21,2020-12-09,2020-12-04,0.25660533,0.8290202,1.1773953,0.6683506,0.9968492,0.41739684,1.3211639,0.2840199,1.1742941,0.7961821,0.859613939821724,1.6331971361893585,2
rho (g/m**3)_fold2_x21,2020-12-10,2020-12-04,0.25654048,0.60412914,1.0643122,0.7836459,1.1160479,0.87225187,0.83235586,0.26059756,1.1166666,0.7259086,0.8306618502561142,1.4451681726781962,2
rho (g/m**3)_fold2_x21,2020-12-11,2020-12-04,0.25654235,0.323535,1.0406371,0.7938658,1.1087943,0.909298,0.96551853,0.21603072,1.0393131,0.734934,0.6285919168384245,1.4070785986041026,2
rho (g/m**3)_fold2_x21,2020-12-12,2020-12-04,0.25654003,0.20786905,1.2312747,0.9354918,1.1229584,0.8199113,1.0089326,0.2506762,1.1266477,0.7649106,0.47905020590461944,1.0894246851620544,2
rho (g/m**3)_fold2_x21,2020-12-13,2020-12-04,0.25654027,0.40277833,1.2977608,0.677097,1.4505483,0.9382904,1.3133897,0.28074086,1.1080886,0.84636307,0.6114041789588218,0.5187633298314877,2
rho (g/m**3)_fold2_x21,2020-12-14,2020-12-04,0.2565402,0.52821344,0.9671159,0.8360659,1.2940731,0.87020016,0.9567888,0.29980543,1.0446421,0.93184054,0.695788638610134,0.4078730506736348,2
rho (g/m**3)_fold2_x21,2020-12-15,2020-12-04,0.2565402,0.58539784,0.87034875,0.8124652,0.9516502,0.78857267,0.85940045,0.27808183,1.1230841,0.7598705,0.5694892295574602,1.4534336832208068,2
rho (g/m**3)_fold2_x21,2020-12-16,2020-12-04,0.25654024,0.7128266,0.82132375,0.79027534,1.1043998,0.70971304,1.0440308,0.26517466,1.1081861,0.65677786,0.5600416287849634,1.3811966600522239,2
rho (g/m**3)_fold2_x21,2020-12-17,2020-12-04,0.2565402,0.57879233,0.837489,0.85950327,0.9328535,0.75046265,0.9891479,0.27123842,1.1203138,0.5798192,0.9151995438261155,1.0426044261493308,2
rho (g/m**3)_fold2_x21,2020-12-18,2020-12-04,0.25654024,0.71731573,1.0998348,1.0145698,1.1163496,1.1905967,1.308729,0.2835107,1.1325055,0.81667334,1.2449297494315017,0.4281364122069212,2
sh (g/kg)_fold2_x22,2020-12-05,2020-12-04,-0.9951828,-0.89987504,-1.1389123,-0.84490895,-1.3134392,-0.5628175,-1.0843164,-1.0389128,-1.0073646,-0.9050466,-0.8331540361841456,-1.0998911495543298,2
sh (g/kg)_fold2_x22,2020-12-06,2020-12-04,-0.8318996,-0.8155131,-0.9563167,-0.908826,-1.1481378,-0.65004414,-1.0003216,-1.0489521,-0.9623684,-0.84154373,-0.6953505769546244,-1.21640440551722,2
sh (g/kg)_fold2_x22,2020-12-07,2020-12-04,-0.8193865,-0.36486715,-0.7606654,-0.9186783,-0.7873149,-0.6769365,-0.8835498,-1.0492115,-0.89203405,-0.8105811,-0.635328191905049,-0.6250350969482001,2
sh (g/kg)_fold2_x22,2020-12-08,2020-12-04,-0.81682086,-0.38559029,-0.9407725,-0.91000974,-1.0624633,-0.6561839,-0.97877693,-1.0521473,-0.88813996,-0.76333266,-0.7348611800058532,-0.7732556643268214,2
sh (g/kg)_fold2_x22,2020-12-09,2020-12-04,-0.8163341,-0.80484414,-0.9376885,-0.9613333,-0.8306129,-0.44225967,-1.0406457,-1.0450096,-0.9124907,-0.7757529,-0.6156596996140103,-0.9641119672014011,2
sh (g/kg)_fold2_x22,2020-12-10,2020-12-04,-0.8162535,-0.753826,-1.0970352,-0.9210649,-1.0788052,-0.2789308,-1.083372,-1.068432,-0.90778,-0.8539556,-0.6155356864217592,-0.8530457522212364,2
sh (g/kg)_fold2_x22,2020-12-11,2020-12-04,-0.8162412,-0.58876926,-1.0347,-0.9987358,-0.97891814,-0.31251147,-1.0096375,-1.1129988,-0.89771366,-0.91939795,-0.7095376861481604,-0.8281191005787474,2
sh (g/kg)_fold2_x22,2020-12-12,2020-12-04,-0.81623936,-0.52687454,-1.0761245,-0.90535855,-1.1634374,-0.37342656,-0.97414863,-1.0783533,-0.94014406,-0.9335427,-0.6187352267818398,-0.5833666643518006,2
sh (g/kg)_fold2_x22,2020-12-13,2020-12-04,-0.8162392,-0.50913686,-1.1256504,-0.932063,-1.1481822,-0.3741163,-1.1051811,-1.0482887,-0.9465306,-0.9362238,-0.36376410351339517,-0.057649939760560244,2
sh (g/kg)_fold2_x22,2020-12-14,2020-12-04,-0.8162391,-0.3364407,-0.8727612,-0.98588705,-0.98753715,-0.6573889,-0.9015308,-1.0292242,-0.9360248,-0.90483785,-0.49462282397684987,-0.24287604370693616,2
sh (g/kg)_fold2_x22,2020-12-15,2020-12-04,-0.8162392,-0.32280302,-0.8114142,-0.7986031,-1.1330583,-0.77031404,-0.8207697,-1.0509477,-0.89318025,-0.8156261,-0.49695427199117215,-0.9331582744155045,2
sh (g/kg)_fold2_x22,2020-12-16,2020-12-04,-0.8162393,-0.54362303,-0.7457378,-0.87509394,-0.8414929,-0.86889666,-0.829911,-1.0638549,-0.8699324,-0.7267094,-0.11127324408997435,-0.9753227597809087,2
sh (g/kg)_fold2_x22,2020-12-17,2020-12-04,-0.8162393,-0.24983074,-0.56589603,-0.7390045,-0.78851867,-0.8629484,-0.6746763,-1.0577911,-0.86681235,-0.6498408,-0.40721832607821185,-0.6784351775315622,2
sh (g/kg)_fold2_x22,2020-12-18,2020-12-04,-0.8162393,-0.5340377,-0.5837939,-0.89276254,-1.0401561,-1.0239943,-0.750975,-1.0455189,-0.8758993,-0.6926404,-0.5759258728167294,-0.6949041294625201,2
wd (deg)_fold2_x23,2020-12-05,2020-12-04,-0.0064736754,-0.15562779,-0.055015318,0.10250216,0.06667701,-0.22302373,-0.051389273,0.035630044,0.014853481,0.018952224,0.13661851070668554,-0.03255872279729448,2
wd (deg)_fold2_x23,2020-12-06,2020-12-04,-0.015490636,-0.11049533,0.025012389,0.13304083,0.17657115,-0.25947642,-0.16665131,0.025590748,-0.000724487,-0.044967026,-0.35462385154986126,-0.12343871522334128,2
wd (deg)_fold2_x23,2020-12-07,2020-12-04,-0.01679036,-0.12579876,0.23430556,-0.07334331,0.17300409,-0.20842798,0.20173255,0.025331318,0.04676909,-0.110390835,0.04600074723405716,0.19182652007796686,2
wd (deg)_fold2_x23,2020-12-08,2020-12-04,-0.016990304,-0.047938485,-0.1596584,-0.010083705,0.011585008,-0.07970608,0.085456684,0.022395566,-0.020244464,-0.14962563,-0.5706263061739951,0.8337513884721652,2
wd (deg)_fold2_x23,2020-12-09,2020-12-04,-0.017017499,0.060838502,0.36924127,-0.03392999,-0.0364251,-0.012443889,0.4207142,0.029533148,-0.042530134,-0.14602694,-0.17356560095962115,0.5096391048049633,2
wd (deg)_fold2_x23,2020-12-10,2020-12-04,-0.017021134,-0.05877599,0.38962594,-0.030730113,0.00988996,0.018698528,0.35483572,0.0061108135,-0.02537655,-0.13086638,-0.25302773074044205,0.08649162497040569,2
wd (deg)_fold2_x23,2020-12-11,2020-12-04,-0.017021641,-0.1011996,0.010125965,0.07174879,-0.006451957,0.0663064,0.008636121,-0.038456023,-0.059818663,-0.102849744,0.07440089843299288,0.23026754014166903,2
wd (deg)_fold2_x23,2020-12-12,2020-12-04,-0.017021716,-0.21460848,0.0891788,0.063198544,0.05171332,0.1353396,-0.003431242,-0.003810525,-0.049483523,-0.003253363,0.08515805959708295,-0.025822528438257625,2
wd (deg)_fold2_x23,2020-12-13,2020-12-04,-0.0170217,-0.080516174,-0.051119924,0.08527923,0.10383061,0.17084554,-0.20496126,0.026254129,-0.027804777,0.051504023,0.09814235478883596,0.18147821248941046,2
wd (deg)_fold2_x23,2020-12-14,2020-12-04,-0.0170217,0.10273875,-0.050654367,-0.017761633,0.11807543,0.1810218,-0.08793319,0.045318685,0.012068853,0.05052787,0.03516053768743684,0.5058699859055122,2
wd (deg)_fold2_x23,2020-12-15,2020-12-04,-0.01702173,0.100486994,-0.10115015,0.024607748,0.2819212,0.1437199,-0.064965524,0.02359508,-0.010198973,-0.046078615,0.010438471584024755,0.666616518629982,2
wd (deg)_fold2_x23,2020-12-16,2020-12-04,-0.01702173,-0.10947356,0.05969957,0.029244602,0.38185132,0.06696368,-0.14276709,0.0106879175,0.036351092,-0.12261889,0.08336533249342457,0.18349852410288742,2
wd (deg)_fold2_x23,2020-12-17,2020-12-04,-0.01702173,-0.048906315,-0.14721572,0.13528804,0.5230126,0.056693345,-0.0045806356,0.016751684,-0.031967998,-0.18683726,0.040958752163901685,0.14346121830189656,2
wd (deg)_fold2_x23,2020-12-18,2020-12-04,-0.01702173,-0.00629092,-0.08450196,0.017189868,0.39643216,0.03890986,0.006535221,0.029023964,0.019116782,-0.13976645,0.07675659774514981,0.13917943534874896,2
H2OC (mmol/mol)_fold3_x24,2020-12-05,2020-12-04,-0.94511634,-1.3045087,-0.97261494,-0.9701267,-0.88221437,-0.71271455,-1.029283,-0.9535964,-0.979051,-1.1073872,-0.8336953984947091,-1.101778028921377,3
H2OC (mmol/mol)_fold3_x24,2020-12-06,2020-12-04,-0.9194701,-0.9550903,-0.9081199,-0.94436413,-0.6323582,-0.81949705,-0.99165976,-0.96744174,-0.85540724,-1.0640593,-0.6954270562409736,-1.2188203567419724,3
H2OC (mmol/mol)_fold3_x24,2020-12-07,2020-12-04,-0.82604694,-1.032292,-0.782681,-0.9050189,-0.024535853,-0.4873293,-0.8930485,-0.9422802,-0.8685342,-0.9914347,-0.6352264767905628,-0.6248143290004065,3
H2OC (mmol/mol)_fold3_x24,2020-12-08,2020-12-04,-0.7464497,-0.9331857,-0.87799776,-0.91560805,-0.45502228,-0.20041224,-0.90417755,-0.9600891,-0.76937157,-1.0432161,-0.7347722126139411,-0.7734014365529068,3
H2OC (mmol/mol)_fold3_x24,2020-12-09,2020-12-04,-0.75841296,-0.9602363,-1.0524428,-0.9767718,-0.48959243,-0.22866724,-1.0949332,-0.9724269,-0.8455703,-0.9721574,-0.6153048786270349,-0.9651623826254276,3
H2OC (mmol/mol)_fold3_x24,2020-12-10,2020-12-04,-1.0777367,-0.81873405,-1.0607014,-0.9234056,-0.49298626,-0.4328457,-1.0797948,-0.96188194,-0.8478229,-0.9993033,-0.6154449523641223,-0.8538037616410201,3
H2OC (mmol/mol)_fold3_x24,2020-12-11,2020-12-04,-1.0891458,-0.53837717,-0.9865312,-0.8976189,-0.5572173,-0.22614552,-0.9653331,-0.9876822,-0.7961522,-0.96692306,-0.7096678861781829,-0.8287461264509576,3
H2OC (mmol/mol)_fold3_x24,2020-12-12,2020-12-04,-1.0788321,-0.43999517,-0.86730486,-0.98269284,-0.4189275,-0.34968984,-0.8752237,-0.96950614,-0.8112541,-0.8998894,-0.6184331920886514,-0.5829478453598674,3
H2OC (mmol/mol)_fold3_x24,2020-12-13,2020-12-04,-0.9159559,-0.570682,-0.96370924,-0.96738356,-0.8741061,-0.31743577,-1.0738808,-0.9778157,-0.8876338,-0.95291185,-0.36278305815575407,-0.056208338917338625,3
H2OC (mmol/mol)_fold3_x24,2020-12-14,2020-12-04,-0.8543661,-0.8041129,-0.93368757,-0.94192344,-0.081863716,-0.16303246,-0.8675421,-0.9919735,-0.8358476,-0.9209904,-0.4939543310637328,-0.2418682955522791,3
H2OC (mmol/mol)_fold3_x24,2020-12-15,2020-12-04,-0.74026006,-0.7593399,-0.8813522,-0.91845804,-0.5278868,0.18181053,-0.8517071,-0.96243984,-0.84714675,-0.8873971,-0.49624220210282544,-0.9342839054719596,3
H2OC (mmol/mol)_fold3_x24,2020-12-16,2020-12-04,-0.6864003,-0.86181587,-0.9188307,-0.91631347,-0.14500728,-0.14332628,-0.8804015,-1.0134852,-0.8699965,-1.036322,-0.10963868774186292,-0.976477227832369,3
H2OC (mmol/mol)_fold3_x24,2020-12-17,2020-12-04,-0.6815275,-0.51022816,-0.8865976,-0.8934039,-0.06333351,0.20223948,-0.7340714,-0.96470124,-0.89277047,-1.047786,-0.4064238091327323,-0.6784470065562791,3
H2OC (mmol/mol)_fold3_x24,2020-12-18,2020-12-04,-0.480998,-0.67873734,-0.85266596,-0.92712206,-0.31642818,0.20880866,-0.79010165,-0.9616161,-0.9765654,-1.0294352,-0.5754772460485444,-0.6948823250411896,3
PAR (�mol/m�/s)_fold3_x25,2020-12-05,2020-12-04,-0.4457126,-0.6424018,-0.5333231,-0.55721736,-0.45756248,-0.55516195,-0.5627946,-0.50771075,-0.5563619,-0.58190876,-0.6037034631833689,-0.4746432103567496,3
PAR (�mol/m�/s)_fold3_x25,2020-12-06,2020-12-04,-0.51475996,-0.54517514,-0.52848905,-0.5577732,-0.5164564,-0.5445857,-0.5511087,-0.51247746,-0.55479753,-0.5961936,-0.6083283890320873,-0.47257423376973445,3
PAR (�mol/m�/s)_fold3_x25,2020-12-07,2020-12-04,-0.5591763,-0.56675386,-0.5145094,-0.5527893,-0.5644392,-0.5590396,-0.57621354,-0.5294807,-0.55041677,-0.5865842,-0.5707960445531114,-0.6257479737249639,3
PAR (�mol/m�/s)_fold3_x25,2020-12-08,2020-12-04,-0.48988932,-0.5667377,-0.5595885,-0.5592287,-0.7044497,-0.5642443,-0.57267994,-0.50446784,-0.5443278,-0.56275177,-0.49396355142835957,-0.6392157779744742,3
PAR (�mol/m�/s)_fold3_x25,2020-12-09,2020-12-04,-0.4810967,-0.48082468,-0.50023144,-0.5443673,-0.57896054,-0.5508494,-0.5466645,-0.51043093,-0.5363158,-0.53936845,-0.6183260152155229,-0.5400847683716135,3
PAR (�mol/m�/s)_fold3_x25,2020-12-10,2020-12-04,-0.46275416,-0.4298371,-0.5378754,-0.5730803,-0.57046676,-0.5708567,-0.57968247,-0.5074712,-0.52683985,-0.5242781,-0.6494240866519807,-0.5951573206897194,3
PAR (�mol/m�/s)_fold3_x25,2020-12-11,2020-12-04,-0.3908234,-0.59413,-0.57304776,-0.5715254,-0.53071404,-0.55762535,-0.55965286,-0.51165694,-0.5211385,-0.51470834,-0.6398809115103334,-0.5883697835497483,3
PAR (�mol/m�/s)_fold3_x25,2020-12-12,2020-12-04,-0.39405107,-0.51426244,-0.52437353,-0.56147176,-0.48687354,-0.57705814,-0.5157934,-0.47295773,-0.4964573,-0.48690373,-0.5876122167788143,-0.6332982705142441,3
PAR (�mol/m�/s)_fold3_x25,2020-12-13,2020-12-04,-0.51552296,-0.442035,-0.5533405,-0.54796976,-0.48535478,-0.6322706,-0.5918905,-0.51751804,-0.49302655,-0.57040834,-0.610262662042794,-0.636776015345951,3
PAR (�mol/m�/s)_fold3_x25,2020-12-14,2020-12-04,-0.6215166,-0.68296576,-0.5302417,-0.55859226,-0.55020475,-0.56380296,-0.5516646,-0.52052146,-0.5332116,-0.55827415,-0.5017653318989428,-0.608379724344023,3
PAR (�mol/m�/s)_fold3_x25,2020-12-15,2020-12-04,-0.62513494,-0.57637537,-0.5894689,-0.5474637,-0.47541192,-0.58438545,-0.5687515,-0.4930282,-0.51987416,-0.5643521,-0.6048947094825912,-0.49037571757510307,3
PAR (�mol/m�/s)_fold3_x25,2020-12-16,2020-12-04,-0.58572435,-0.4937115,-0.54401267,-0.56377125,-0.44901386,-0.5978677,-0.57681495,-0.5110669,-0.5102651,-0.5496884,-0.5054545010644884,-0.5083831361000285,3
PAR (�mol/m�/s)_fold3_x25,2020-12-17,2020-12-04,-0.5718274,-0.4527415,-0.520342,-0.55393165,-0.60143757,-0.6040988,-0.5636105,-0.51388776,-0.51682055,-0.55571973,-0.5534914450242524,-0.562101830841798,3
PAR (�mol/m�/s)_fold3_x25,2020-12-18,2020-12-04,-0.5204457,-0.48905784,-0.51791817,-0.5451647,-0.5927941,-0.60562766,-0.5146173,-0.50233203,-0.55005914,-0.52963996,-0.49099648909284466,-0.5368501986158098,3
Tdew (degC)_fold3_x26,2020-12-05,2020-12-04,-1.0946609,-1.488564,-1.0850818,-1.0972204,-0.7100715,-0.7252101,-1.1891403,-1.1495179,-1.119978,-1.3230346,-0.8683070567564664,-1.24429679148814,3
Tdew (degC)_fold3_x26,2020-12-06,2020-12-04,-1.0552161,-1.1051978,-0.9943719,-1.0409096,-0.51022553,-0.82992864,-1.1173608,-1.1436325,-0.94730854,-1.2504911,-0.6632740325033286,-1.4988969406325632,3
Tdew (degC)_fold3_x26,2020-12-07,2020-12-04,-0.79839975,-1.1509702,-0.78948355,-0.9739443,0.14080241,-0.3993224,-0.97172534,-1.0746213,-0.98605734,-1.1500158,-0.5790414042329286,-0.5364148171933996,3
Tdew (degC)_fold3_x26,2020-12-08,2020-12-04,-0.6497346,-1.062672,-0.93177515,-0.9787946,-0.3140876,-0.16043591,-0.98451006,-1.1686887,-0.88044345,-1.2264091,-0.7074368095495744,-0.7253017324948207,3
Tdew (degC)_fold3_x26,2020-12-09,2020-12-04,-0.67175627,-1.1274649,-1.1925561,-1.0650123,-0.26187113,-0.25503945,-1.2572734,-1.1493106,-0.9353253,-1.0885475,-0.5365437282429144,-1.004426382456535,3
Tdew (degC)_fold3_x26,2020-12-10,2020-12-04,-1.2432529,-0.9496847,-1.2047162,-0.99660355,-0.22491205,-0.46194047,-1.2611817,-1.1222436,-0.8894593,-1.125269,-0.5359421433451791,-0.8405696959358857,3
Tdew (degC)_fold3_x26,2020-12-11,2020-12-04,-1.2834271,-0.62414527,-1.0870585,-0.95407987,-0.48549893,-0.27075577,-1.054409,-1.2018585,-0.820345,-1.0769992,-0.6824495511186409,-0.813272781201147,3
Tdew (degC)_fold3_x26,2020-12-12,2020-12-04,-1.2415307,-0.51389587,-0.90703803,-1.0840049,-0.42413387,-0.41125637,-0.921383,-1.190076,-0.87257403,-0.98709863,-0.5591998451951237,-0.46552448254777157,3
Tdew (degC)_fold3_x26,2020-12-13,2020-12-04,-1.1009934,-0.68699443,-1.0372593,-1.0631642,-0.77269024,-0.48707378,-1.219822,-1.1568534,-0.9559019,-1.0577319,-0.21579155187541,0.13278392601235142,3
Tdew (degC)_fold3_x26,2020-12-14,2020-12-04,-0.9297035,-0.8974396,-1.0224996,-1.0233486,-0.32543296,-0.17892814,-0.9227018,-1.1873965,-0.86060786,-0.99721193,-0.36614480595939386,-0.07057325459709521,3
Tdew (degC)_fold3_x26,2020-12-15,2020-12-04,-0.854247,-0.85367876,-0.97910273,-0.985406,-0.5783202,0.086523354,-0.9149084,-1.1499475,-0.9104177,-0.9492749,-0.3804109621056878,-0.9604032590472633,3
Tdew (degC)_fold3_x26,2020-12-16,2020-12-04,-0.8734963,-0.9614945,-1.029553,-0.98807436,0.046415154,-0.13960801,-0.9550237,-1.2223127,-0.93016154,-1.2054145,0.08776174196934076,-1.0432930638852183,3
Tdew (degC)_fold3_x26,2020-12-17,2020-12-04,-0.8081238,-0.5024466,-0.97047323,-0.9514832,-0.06628017,0.24209917,-0.7309536,-1.1418476,-0.9547368,-1.2531443,-0.24130519709186193,-0.593275332616844,3
Tdew (degC)_fold3_x26,2020-12-18,2020-12-04,-0.422248,-0.72877336,-0.91074777,-1.0055246,-0.098211884,0.36635134,-0.82494944,-1.1503307,-1.1120062,-1.2262126,-0.4584236322370033,-0.6326254304812076,3
Tlog (degC)_fold3_x27,2020-12-05,2020-12-04,-1.3712013,-1.6606749,-1.3419831,-1.3151329,-1.3065248,-1.1103122,-1.3732765,-1.29735,-1.3411622,-1.3434457,-1.3135330789403517,-1.3690158006113053,3
Tlog (degC)_fold3_x27,2020-12-06,2020-12-04,-1.2019688,-1.1611004,-1.2505475,-1.3002645,-0.9888462,-1.1604394,-1.319334,-1.2570807,-1.2813294,-1.3142655,-1.272299866016172,-1.4424815307577044,3
Tlog (degC)_fold3_x27,2020-12-07,2020-12-04,-1.0535643,-1.4279263,-1.1803012,-1.2808572,-0.9341099,-0.7880224,-1.2139224,-1.2322456,-1.2812719,-1.0930408,-1.1429597117327883,-1.065628940439055,3
Tlog (degC)_fold3_x27,2020-12-08,2020-12-04,-1.3963604,-1.2556552,-1.3141651,-1.3336232,-0.9574268,-0.65283155,-1.283498,-1.3026426,-1.2023026,-1.155655,-1.1309997297699799,-1.1081591237507593,3
Tlog (degC)_fold3_x27,2020-12-09,2020-12-04,-1.2476938,-1.1981735,-1.5577925,-1.3763795,-1.0070713,-0.78886646,-1.5629287,-1.2568501,-1.265516,-1.2972972,-1.215973051400937,-1.1122415338967253,3
Tlog (degC)_fold3_x27,2020-12-10,2020-12-04,-1.4435891,-1.1487591,-1.5546541,-1.3432016,-0.7784735,-0.97393584,-1.483742,-1.2277571,-1.2974297,-1.3651755,-1.2593127531424382,-1.0188335524972374,3
Tlog (degC)_fold3_x27,2020-12-11,2020-12-04,-1.5737581,-0.8816417,-1.4523183,-1.3342772,-1.0068877,-0.84938234,-1.4708319,-1.3006085,-1.2426085,-1.2910048,-1.2695318352562206,-1.1565300260559457,3
Tlog (degC)_fold3_x27,2020-12-12,2020-12-04,-1.159528,-0.8626424,-1.319056,-1.3921751,-0.99759746,-0.9082625,-1.4611803,-1.2753596,-1.2595761,-1.2481209,-1.1942030987888674,-0.9047175673935857,3
Tlog (degC)_fold3_x27,2020-12-13,2020-12-04,-1.1008239,-1.0107288,-1.4864793,-1.3537941,-1.3116235,-1.0171869,-1.6267703,-1.2641829,-1.3200383,-1.4755746,-0.8866992539561671,-0.6354525877447408,3
Tlog (degC)_fold3_x27,2020-12-14,2020-12-04,-0.68333966,-1.3247344,-1.3241427,-1.325451,-1.2453351,-0.8010821,-1.2792497,-1.2788517,-1.3187582,-1.2393793,-1.0611113053308328,-0.6125858682277848,3
Tlog (degC)_fold3_x27,2020-12-15,2020-12-04,-0.5001585,-1.3385811,-1.2969886,-1.3021404,-1.1696537,-0.6419028,-1.2679166,-1.2386897,-1.3015932,-1.1578257,-0.926870517972441,-1.0348933536045017,3
Tlog (degC)_fold3_x27,2020-12-16,2020-12-04,-0.93943524,-1.3037119,-1.2618089,-1.332328,-1.2584383,-0.6891559,-1.2627125,-1.290638,-1.309761,-1.3881732,-0.6074502136731582,-1.2774268160715532,3
Tlog (degC)_fold3_x27,2020-12-17,2020-12-04,-1.2565391,-0.8918197,-1.186121,-1.2944,-0.88684845,-0.40860906,-1.0354822,-1.2587572,-1.3197027,-1.1426921,-1.0221934892058575,-1.0529551895381462,3
Tlog (degC)_fold3_x27,2020-12-18,2020-12-04,-1.4275621,-1.0735929,-1.2486569,-1.3183601,-0.91519237,-0.32030413,-1.1640137,-1.2586348,-1.3944274,-1.2788316,-1.146693941908949,-0.8114053354857944,3
max. wv (m/s)_fold3_x28,2020-12-05,2020-12-04,-0.18033853,0.04234395,-0.06879377,-0.12172562,-0.31852037,-0.37854844,-0.042452812,0.002988141,-0.08782017,-0.33473444,-0.5057817188105879,-0.8876302674583585,3
max. wv (m/s)_fold3_x28,2020-12-06,2020-12-04,-0.18679608,-0.12214403,-0.058177456,-0.21187381,-0.41562623,-0.34461007,-0.14743711,-0.003371384,-0.22994617,-0.5287153,-0.8528184504151325,-0.6268553522987687,3
max. wv (m/s)_fold3_x28,2020-12-07,2020-12-04,-0.1597238,-0.029679643,-0.04342778,-0.22741161,0.06433585,-0.25525364,-0.017098472,-0.015857548,-0.22705562,-0.21445398,0.05159570658926511,0.9034982545487448,3
max. wv (m/s)_fold3_x28,2020-12-08,2020-12-04,0.38327155,-0.11772927,-0.069101885,-0.29563648,0.37971622,-0.21124552,-0.17828265,-0.00043972582,-0.1997691,-0.24053475,-0.7283207283086383,0.35997768777612943,3
max. wv (m/s)_fold3_x28,2020-12-09,2020-12-04,0.13243207,0.009305105,0.15865895,-0.23259984,0.13985777,-0.1881213,0.030751288,-0.012343261,-0.3414076,-0.5256066,-0.9048485469981001,-0.3653405840750711,3
max. wv (m/s)_fold3_x28,2020-12-10,2020-12-04,0.15847453,0.009654345,0.20880532,-0.13155216,0.106742114,-0.2205689,0.21818373,-0.00845569,-0.22788087,-0.36373818,-0.8173202816924601,-0.5229289125944862,3
max. wv (m/s)_fold3_x28,2020-12-11,2020-12-04,0.026237756,0.120957136,-0.18983847,-0.3197149,0.013636008,-0.1663987,-0.14456114,-0.01576832,-0.30283186,-0.54927576,-0.10120424800297718,-0.5014481066530349,3
max. wv (m/s)_fold3_x28,2020-12-12,2020-12-04,-0.44365084,0.41146302,-0.23273368,-0.2157034,0.06521295,-0.18626733,-0.037867203,0.010615431,-0.07575616,-0.5530892,-0.24228739935442778,0.01885285917664176,3
max. wv (m/s)_fold3_x28,2020-12-13,2020-12-04,-0.73553705,0.2755496,-0.23225325,-0.08826968,0.3057995,-0.22476594,0.06694019,-0.019351318,-0.0469516,-0.39172363,-0.8073957748378169,0.1352183708146414,3
max. wv (m/s)_fold3_x28,2020-12-14,2020-12-04,-0.5084353,0.21626464,-0.18057677,-0.1775145,0.3285825,-0.19608828,-0.12131201,-0.024906382,-0.13680576,-0.26902896,0.245671979447584,0.6790599458952236,3
max. wv (m/s)_fold3_x28,2020-12-15,2020-12-04,-0.39835364,0.043964118,0.019777358,-0.22073947,0.0072579086,-0.13261114,-0.29568177,-0.0023289844,-0.21486285,-0.06229155,-0.09788716215398592,-0.1851211698439898,3
max. wv (m/s)_fold3_x28,2020-12-16,2020-12-04,-0.20987704,-0.09176873,-0.049921185,-0.09374141,0.016659543,-0.21823066,-0.03336656,-0.02160915,-0.22941998,-0.14217964,-0.47247710685902244,0.4321778063763504,3
max. wv (m/s)_fold3_x28,2020-12-17,2020-12-04,0.3568851,-0.14567658,-0.0720783,-0.24215575,-0.47162914,-0.3247463,-0.33623242,-0.01802443,-0.22884616,-0.27504474,0.3206809207425153,0.2844872340192478,3
max. wv (m/s)_fold3_x28,2020-12-18,2020-12-04,-0.15447167,-0.18355247,-0.13392499,-0.13510862,-0.13027227,-0.20423692,-0.26382703,-0.00824859,-0.38023967,-0.42396516,-0.3677748970771534,0.9498839550499613,3
wd (deg)_fold3_x29,2020-12-05,2020-12-04,-0.0067772344,0.14933251,0.16495699,0.018113963,-0.3267253,-0.057597026,-0.011948764,0.05291778,0.051435992,0.13795966,0.13661851070668554,-0.03255872279729448,3
wd (deg)_fold3_x29,2020-12-06,2020-12-04,0.12904468,-0.075794764,0.048974436,-0.03759469,-0.44051823,-0.0349631,-0.1540048,0.07201543,-0.069899656,-0.09255137,-0.35462385154986126,-0.12343871522334128,3
wd (deg)_fold3_x29,2020-12-07,2020-12-04,-0.10888928,-0.24178098,0.22644287,-0.0108939,-0.03321939,0.10505532,0.14180587,0.09017737,-0.095289804,0.12392164,0.04600074723405716,0.19182652007796686,3
wd (deg)_fold3_x29,2020-12-08,2020-12-04,-0.104996644,-0.06362105,0.13224347,-0.10378464,-0.22077796,0.046139166,0.03527542,0.06021794,-0.07024037,0.16040394,-0.5706263061739951,0.8337513884721652,3
wd (deg)_fold3_x29,2020-12-09,2020-12-04,-0.19670157,0.06281677,0.13495585,-0.08530157,-0.2902995,0.089076355,0.19156915,0.064830095,-0.006600216,0.36880234,-0.17356560095962115,0.5096391048049633,3
wd (deg)_fold3_x29,2020-12-10,2020-12-04,0.02307536,0.053642306,0.062496427,0.008152589,-0.25340635,0.022219822,0.2008163,0.07879153,0.060298357,0.298401,-0.25302773074044205,0.08649162497040569,3
wd (deg)_fold3_x29,2020-12-11,2020-12-04,-0.04472129,0.041341487,-0.00016222894,-0.10698377,-0.05832567,0.007710606,-0.055247124,0.05691389,0.04974694,0.4998852,0.07440089843299288,0.23026754014166903,3
wd (deg)_fold3_x29,2020-12-12,2020-12-04,0.17922981,-0.19908765,0.16712463,-0.105745606,0.2869279,0.03520353,0.1499257,0.050213218,0.12861723,0.42307848,0.08515805959708295,-0.025822528438257625,3
wd (deg)_fold3_x29,2020-12-13,2020-12-04,0.19730341,-0.19509323,-0.09974248,-0.046696186,0.21402854,0.10673056,-0.2506844,0.06827965,0.115195855,-0.07781225,0.09814235478883596,0.18147821248941046,3
wd (deg)_fold3_x29,2020-12-14,2020-12-04,0.22654635,-0.06654469,0.0640783,-0.021628745,0.1115945,0.124303415,0.025343414,0.06341341,0.19696274,-0.04491917,0.03516053768743684,0.5058699859055122,3
wd (deg)_fold3_x29,2020-12-15,2020-12-04,0.057046723,-0.09720869,0.17006528,-0.059134737,0.0029762909,-4.7890024,0.04810519,0.078110896,0.20920509,-0.13806596,0.010438471584024755,0.666616518629982,3
wd (deg)_fold3_x29,2020-12-16,2020-12-04,0.23041072,-0.19693483,0.24234566,-0.0143303275,-0.021147162,0.13914865,-0.030785466,0.05387991,0.26556438,-0.2656094,0.08336533249342457,0.18349852410288742,3
wd (deg)_fold3_x29,2020-12-17,2020-12-04,0.2987698,0.082305014,0.18881455,-0.10655927,-0.13628054,0.071929485,0.06528075,0.074894905,0.32236367,0.12378703,0.040958752163901685,0.14346121830189656,3
wd (deg)_fold3_x29,2020-12-18,2020-12-04,0.2591288,0.09837617,0.2496238,0.041242573,-0.14106756,0.17369498,0.20300815,0.078295164,0.25989452,0.567201,0.07675659774514981,0.13917943534874896,3
wv (m/s)_fold3_x30,2020-12-05,2020-12-04,0.009366581,-0.00896631,0.0073773065,0.004425043,-0.00061185006,-0.00031522312,0.008072164,0.0134578645,0.006639716,-0.0014950484,-0.009794048829008258,-0.0223444025152541,3
wv (m/s)_fold3_x30,2020-12-06,2020-12-04,0.008946364,0.017842516,0.007417023,-0.0050907675,0.0036532218,0.00015961449,0.0048863566,0.013724402,0.0029561124,-0.007487175,-0.02046675377568262,-0.014856485870031019,3
wv (m/s)_fold3_x30,2020-12-07,2020-12-04,0.017281968,0.026817808,0.007338952,-0.007311831,0.019071482,0.0009931037,0.007954952,0.0065219775,0.002681119,-0.0010428103,0.011283443780178901,0.03799919565306442,3
wv (m/s)_fold3_x30,2020-12-08,2020-12-04,0.034298092,0.017360598,0.0068166386,-0.009718361,0.02679155,0.0020507919,0.0028345669,0.019815177,0.0039110086,-0.0013062982,-0.01416336652792153,0.006031731841887773,3
wv (m/s)_fold3_x30,2020-12-09,2020-12-04,0.026212165,0.043808732,0.015390487,-0.012258015,0.012976816,0.0020046257,0.010873016,0.008759327,-0.00019971537,-0.010713293,-0.021840996163595854,-0.002992148823653047,3
wv (m/s)_fold3_x30,2020-12-10,2020-12-04,0.028190946,0.029321715,0.01832714,-0.007264246,0.0061711255,0.00279273,0.017631453,0.012519319,0.00428773,-0.00453341,-0.016329364472013684,-0.007397455411483545,3
wv (m/s)_fold3_x30,2020-12-11,2020-12-04,0.009412554,0.0068048164,0.0031579274,-0.012171864,0.009442449,0.0040743584,0.0049243625,0.012584336,0.00019663316,-0.009715865,0.00670752320044453,-0.008534437716905447,3
wv (m/s)_fold3_x30,2020-12-12,2020-12-04,-0.007846827,0.04426305,0.0012519243,-0.010391354,0.0021557529,0.0029763768,0.00876264,0.02663035,0.006762401,-0.009083693,0.003913719083018589,0.00740064254255401,3
wv (m/s)_fold3_x30,2020-12-13,2020-12-04,-0.010873631,0.03485513,0.0032731455,0.0015194407,0.025568746,0.0004368131,0.013766901,0.007618375,0.008118467,-0.0016145352,-0.018091487107145872,0.01638453555374238,3
wv (m/s)_fold3_x30,2020-12-14,2020-12-04,0.00074709626,0.05674985,0.003776486,0.00038241036,0.02485983,0.0020337692,0.0057983743,0.0060570613,0.004756653,0.0019769357,0.018803788642066832,0.02851678988428192,3
wv (m/s)_fold3_x30,2020-12-15,2020-12-04,-0.001077511,-0.017228417,0.008391411,-0.004476088,0.016428325,0.0056857625,-0.0019506136,0.022454357,0.0013477616,0.008733707,0.005078692746487227,-0.00017301919180387224,3
wv (m/s)_fold3_x30,2020-12-16,2020-12-04,0.014287408,0.019451438,0.0056107803,-0.00095514394,0.008163979,0.0025052612,0.0059703453,0.009661302,0.0012737399,0.0049090087,-0.006028544710817295,0.019149015391309837,3
wv (m/s)_fold3_x30,2020-12-17,2020-12-04,0.026809296,0.005868862,0.004957253,-0.006400089,-0.00044579897,-0.0019243881,-0.005338542,0.011356037,0.00226962,-0.0007467931,0.019866127326030793,0.018793125267572843,3
wv (m/s)_fold3_x30,2020-12-18,2020-12-04,0.0010735376,0.021372803,0.0044371616,-0.0061953897,0.00912266,0.00047175586,-0.0014929104,0.020709194,-0.0025009108,-0.004670633,-0.004603651294057601,0.042129920347674606,3
H2OC (mmol/mol)_fold4_x31,2020-12-05,2020-12-04,-0.7511781,-0.8859719,-0.92955315,-0.9638623,-0.9330712,-0.9123534,-1.0190805,-1.1674156,-0.99516654,-0.913124,-0.8336953984947091,-1.101778028921377,4
H2OC (mmol/mol)_fold4_x31,2020-12-06,2020-12-04,-0.6590355,-0.8733117,-0.82604486,-0.92677087,-0.88457537,-0.7952198,-0.96585363,-0.7837309,-0.89072394,-0.8935336,-0.6954270562409736,-1.2188203567419724,4
H2OC (mmol/mol)_fold4_x31,2020-12-07,2020-12-04,-0.649767,-0.88690656,-0.8042095,-0.92576987,-0.8341582,-0.83695215,-0.8609582,-0.90478206,-0.91792446,-0.8840549,-0.6352264767905628,-0.6248143290004065,4
H2OC (mmol/mol)_fold4_x31,2020-12-08,2020-12-04,-0.64857775,-0.88693947,-0.94824576,-0.8952756,-0.7421187,-0.92595935,-0.97706217,-0.7653679,-0.8071986,-0.91913104,-0.7347722126139411,-0.7734014365529068,4
H2OC (mmol/mol)_fold4_x31,2020-12-09,2020-12-04,-0.6484349,-0.8708467,-0.9164817,-0.97241414,-0.73250306,-0.9212779,-0.9894139,-0.79193723,-0.79213053,-0.9678562,-0.6153048786270349,-0.9651623826254276,4
H2OC (mmol/mol)_fold4_x31,2020-12-10,2020-12-04,-0.64842176,-0.9608891,-1.0615823,-0.93514484,-0.73408234,-0.8938939,-1.0736623,-0.80534303,-0.8532345,-0.95572066,-0.6154449523641223,-0.8538037616410201,4
H2OC (mmol/mol)_fold4_x31,2020-12-11,2020-12-04,-0.64842254,-0.98818666,-0.97106516,-0.9030417,-0.6883943,-0.94382334,-0.96231073,-0.5331387,-0.8258323,-0.95723987,-0.7096678861781829,-0.8287461264509576,4
H2OC (mmol/mol)_fold4_x31,2020-12-12,2020-12-04,-0.6484239,-0.89816093,-0.884771,-0.97878724,-0.76867664,-0.9371448,-0.9690455,-0.57070804,-0.8720711,-0.9201781,-0.6184331920886514,-0.5829478453598674,4
H2OC (mmol/mol)_fold4_x31,2020-12-13,2020-12-04,-0.64842474,-0.8511208,-0.97671956,-0.9265317,-0.8237338,-0.8953036,-1.0263462,-0.7824054,-0.9412088,-0.9584576,-0.36278305815575407,-0.056208338917338625,4
H2OC (mmol/mol)_fold4_x31,2020-12-14,2020-12-04,-0.6484253,-0.76828086,-0.94925296,-0.9150232,-0.76378334,-0.8254831,-0.9486126,-0.56700504,-0.9438784,-0.94340634,-0.4939543310637328,-0.2418682955522791,4
H2OC (mmol/mol)_fold4_x31,2020-12-15,2020-12-04,-0.64842576,-0.81464744,-0.9489113,-0.9052903,-0.8017907,-0.8290065,-0.91741157,-0.7572182,-0.9301377,-0.90751,-0.49624220210282544,-0.9342839054719596,4
H2OC (mmol/mol)_fold4_x31,2020-12-16,2020-12-04,-0.648426,-0.8273947,-0.8349482,-0.9527919,-0.81466067,-0.8243358,-0.87567246,-0.9983221,-0.9136249,-0.8726235,-0.10963868774186292,-0.976477227832369,4
H2OC (mmol/mol)_fold4_x31,2020-12-17,2020-12-04,-0.6484261,-0.8087944,-0.8234654,-0.9364368,-0.8190761,-0.7677044,-0.8129101,-0.6602535,-0.8566795,-0.86694133,-0.4064238091327323,-0.6784470065562791,4
H2OC (mmol/mol)_fold4_x31,2020-12-18,2020-12-04,-0.6484263,-0.7128853,-0.86575425,-0.9100636,-0.84329194,-0.8351548,-0.8099789,-0.5849503,-0.9160386,-0.87670785,-0.5754772460485444,-0.6948823250411896,4
OT_fold4_x32,2020-12-05,2020-12-04,0.04602144,0.0142092705,0.06289729,0.072507165,0.07315186,0.06124901,0.06947977,0.070167884,0.07487184,0.067897186,0.09480541995557776,0.062237962104810675,4
OT_fold4_x32,2020-12-06,2020-12-04,0.017849311,0.050912395,0.059174027,0.0701999,0.07874887,0.1103715,0.055045642,0.048577808,0.07545208,0.062813945,0.13654727970564184,0.08652722366994825,4
OT_fold4_x32,2020-12-07,2020-12-04,0.012796156,-0.0040402347,0.076454274,0.07247221,0.08180176,0.018872842,0.03353216,0.04003157,0.06856872,0.06418876,0.09924384986270794,0.04627388381131372,4
OT_fold4_x32,2020-12-08,2020-12-04,0.012103833,-0.023152597,0.067743294,0.06987593,0.102765575,0.015506621,0.05847892,0.070761636,0.07614481,0.06604092,0.09351585168997718,0.024172166832857837,4
OT_fold4_x32,2020-12-09,2020-12-04,0.012010016,-0.022920035,0.06072224,0.07494031,0.09659314,0.024023674,0.051447183,0.039001968,0.06160102,0.05764842,0.13995116115846132,0.02312857512282764,4
OT_fold4_x32,2020-12-10,2020-12-04,0.01199732,-0.011383146,0.05837579,0.07236442,0.09536794,0.02846428,0.041482314,0.05230761,0.07709442,0.063584924,0.11066548183643535,0.055765685014500015,4
OT_fold4_x32,2020-12-11,2020-12-04,0.011995591,-0.012585573,0.06925952,0.075721815,0.084965825,0.03816607,0.064248316,0.070301466,0.071225464,0.061249115,0.10887310855283061,0.06304188856640901,4
OT_fold4_x32,2020-12-12,2020-12-04,0.011995338,0.047628872,0.06989728,0.070519194,0.09298261,0.025602117,0.058257505,0.03780267,0.07177159,0.059204254,0.0789363148190007,0.055304478972805556,4
OT_fold4_x32,2020-12-13,2020-12-04,0.011995308,-0.012839273,0.0724736,0.070480786,0.08961902,0.042856246,0.048141178,0.057410378,0.058858342,0.06270219,0.10960922956839785,0.06968868152024087,4
OT_fold4_x32,2020-12-14,2020-12-04,0.011995308,-0.037743203,0.07502685,0.06927173,0.07618446,0.044970002,0.06953187,0.06529847,0.08536959,0.06366245,0.07827615715147725,0.030348710489275756,4
OT_fold4_x32,2020-12-15,2020-12-04,0.011995308,-0.059100937,0.060139276,0.07231476,0.08786784,0.043304782,0.06917527,0.069760725,0.08989184,0.060775958,0.06930705612887801,0.02430781566865034,4
OT_fold4_x32,2020-12-16,2020-12-04,0.011995308,-0.07032326,0.08861933,0.068717964,0.07685915,0.05731944,0.05517255,0.0650322,0.08336341,0.06379247,0.08633008069526317,0.04054588563858297,4
OT_fold4_x32,2020-12-17,2020-12-04,0.011995308,-0.0326196,0.09086937,0.06813148,0.081523046,0.03636197,0.06256148,0.10366379,0.09244931,0.07119983,0.07630111010233863,0.045995351535153155,4
OT_fold4_x32,2020-12-18,2020-12-04,0.011995308,-0.031776503,0.06276044,0.066119805,0.104833364,0.027503066,0.05688036,0.07751314,0.0799728,0.0662476,0.08950607210395127,0.04284287259133575,4
PAR (�mol/m�/s)_fold4_x33,2020-12-05,2020-12-04,-0.5099485,-0.45912534,-0.5483312,-0.5587201,-0.56582385,-0.55990195,-0.57457477,-0.5518139,-0.5550971,-0.54156905,-0.6037034631833689,-0.4746432103567496,4
PAR (�mol/m�/s)_fold4_x33,2020-12-06,2020-12-04,-0.3665836,-0.4445449,-0.54519075,-0.55214953,-0.55661976,-0.5829587,-0.5681513,-0.5863764,-0.5569836,-0.5345087,-0.6083283890320873,-0.47257423376973445,4
PAR (�mol/m�/s)_fold4_x33,2020-12-07,2020-12-04,-0.36393818,-0.45688143,-0.5138572,-0.54466414,-0.5065501,-0.5796724,-0.60695815,-0.59955394,-0.55612874,-0.5309437,-0.5707960445531114,-0.6257479737249639,4
PAR (�mol/m�/s)_fold4_x33,2020-12-08,2020-12-04,-0.36358425,-0.45631787,-0.5684098,-0.55621463,-0.5006289,-0.5628416,-0.5765828,-0.5925425,-0.5561793,-0.54771215,-0.49396355142835957,-0.6392157779744742,4
PAR (�mol/m�/s)_fold4_x33,2020-12-09,2020-12-04,-0.36346313,-0.44029078,-0.5350828,-0.5569538,-0.47130498,-0.57150465,-0.5511692,-0.63098484,-0.5585391,-0.5529364,-0.6183260152155229,-0.5400847683716135,4
PAR (�mol/m�/s)_fold4_x33,2020-12-10,2020-12-04,-0.3634274,-0.53106046,-0.56303775,-0.56183434,-0.4566437,-0.54078597,-0.5869572,-0.5674439,-0.5652563,-0.5556254,-0.6494240866519807,-0.5951573206897194,4
PAR (�mol/m�/s)_fold4_x33,2020-12-11,2020-12-04,-0.36342236,-0.5597472,-0.60156953,-0.5616152,-0.44427058,-0.5698737,-0.56469715,-0.59773135,-0.5597446,-0.5617565,-0.6398809115103334,-0.5883697835497483,4
PAR (�mol/m�/s)_fold4_x33,2020-12-12,2020-12-04,-0.36342916,-0.47177267,-0.53191847,-0.54570925,-0.4417556,-0.5580921,-0.5551262,-0.5429004,-0.54621285,-0.54849255,-0.5876122167788143,-0.6332982705142441,4
PAR (�mol/m�/s)_fold4_x33,2020-12-13,2020-12-04,-0.36344102,-0.42744565,-0.5674581,-0.5406674,-0.4338532,-0.566828,-0.62477773,-0.5564662,-0.53484386,-0.56970775,-0.610262662042794,-0.636776015345951,4
PAR (�mol/m�/s)_fold4_x33,2020-12-14,2020-12-04,-0.36345524,-0.34798068,-0.57858,-0.5611955,-0.46362087,-0.56043845,-0.62392735,-0.58597463,-0.5267651,-0.5547854,-0.5017653318989428,-0.608379724344023,4
PAR (�mol/m�/s)_fold4_x33,2020-12-15,2020-12-04,-0.36347055,-0.39838415,-0.5880849,-0.547797,-0.46214038,-0.5591132,-0.5936805,-0.6013574,-0.5177741,-0.55989194,-0.6048947094825912,-0.49037571757510307,4
PAR (�mol/m�/s)_fold4_x33,2020-12-16,2020-12-04,-0.3634865,-0.41583002,-0.53586626,-0.5614034,-0.4353577,-0.530345,-0.5684663,-0.56973785,-0.5385214,-0.5362694,-0.5054545010644884,-0.5083831361000285,4
PAR (�mol/m�/s)_fold4_x33,2020-12-17,2020-12-04,-0.3635029,-0.40259025,-0.5145624,-0.5456582,-0.42474356,-0.5551131,-0.5596976,-0.58310443,-0.5397724,-0.5251307,-0.5534914450242524,-0.562101830841798,4
PAR (�mol/m�/s)_fold4_x33,2020-12-18,2020-12-04,-0.3635194,-0.3127039,-0.50442624,-0.5463495,-0.41898495,-0.5024522,-0.5180109,-0.6002878,-0.52642757,-0.5299548,-0.49099648909284466,-0.5368501986158098,4
T (degC)_fold4_x34,2020-12-05,2020-12-04,-0.7904641,-0.9364211,-1.2663779,-1.2787528,-1.2332952,-1.2766206,-1.3545295,-1.5550424,-1.3139689,-1.336266,-1.2686269949042028,-1.6185871529877782,4
T (degC)_fold4_x34,2020-12-06,2020-12-04,-0.70719653,-0.91475713,-1.1582854,-1.301898,-1.2736737,-1.1878,-1.2529132,-1.1496546,-1.2404872,-1.3353264,-1.342548262975418,-1.6888247776123284,4
T (degC)_fold4_x34,2020-12-07,2020-12-04,-0.6928221,-0.9192936,-1.2529356,-1.3307089,-1.1883624,-1.1197306,-1.1775509,-1.353235,-1.2320126,-1.3346397,-1.1254450255656783,-0.9255085091247651,4
T (degC)_fold4_x34,2020-12-08,2020-12-04,-0.69069666,-0.91021353,-1.3939925,-1.3384635,-1.1021179,-1.2545285,-1.3806633,-1.1067384,-1.1713651,-1.4385587,-1.164798923635724,-1.061591661458885,4
T (degC)_fold4_x34,2020-12-09,2020-12-04,-0.69040465,-0.88495356,-1.4439445,-1.4023082,-1.1082203,-1.355586,-1.4879742,-1.0741034,-1.1621548,-1.4781382,-1.2858566965055145,-1.197620830393732,4
T (degC)_fold4_x34,2020-12-10,2020-12-04,-0.690365,-0.96577394,-1.4661785,-1.3670496,-1.1449308,-1.3773999,-1.5120549,-1.0069273,-1.2308335,-1.4243573,-1.2915609423620322,-1.2093982086684667,4
T (degC)_fold4_x34,2020-12-11,2020-12-04,-0.69035983,-0.9837947,-1.4279643,-1.3318013,-1.0629836,-1.4198503,-1.4883462,-0.79328394,-1.2415828,-1.4359869,-1.2822218142877966,-1.2357780964465583,4
T (degC)_fold4_x34,2020-12-12,2020-12-04,-0.690359,-0.88443804,-1.3155842,-1.3938996,-1.0742588,-1.43233,-1.4934341,-0.8246334,-1.2298268,-1.3837582,-1.1699453410330871,-0.9256704593225843,4
T (degC)_fold4_x34,2020-12-13,2020-12-04,-0.690359,-0.8280121,-1.4478723,-1.3374014,-0.98299855,-1.3791268,-1.4749633,-1.1634642,-1.2817466,-1.4907804,-0.945446377922941,-0.5716473268899928,4
T (degC)_fold4_x34,2020-12-14,2020-12-04,-0.690359,-0.73573184,-1.3534002,-1.3211945,-0.8471736,-1.1611813,-1.3380741,-1.1013193,-1.2645466,-1.4748003,-0.9216307016103185,-0.472965673018877,4
T (degC)_fold4_x34,2020-12-15,2020-12-04,-0.690359,-0.77260387,-1.3709441,-1.3132255,-0.876606,-1.1830004,-1.3703886,-1.1210396,-1.236609,-1.3549882,-0.7860244026364439,-1.112965863100394,4
T (degC)_fold4_x34,2020-12-16,2020-12-04,-0.690359,-0.7758014,-1.247583,-1.3764066,-0.80534726,-1.1129987,-1.2138464,-1.3050375,-1.238198,-1.2818568,-0.587239532046689,-1.2612312692037966,4
T (degC)_fold4_x34,2020-12-17,2020-12-04,-0.690359,-0.7475971,-1.213814,-1.3083338,-0.87142277,-0.85395133,-1.0960567,-1.1043,-1.2072415,-1.2469531,-0.8813051023533582,-1.0292376108279102,4
T (degC)_fold4_x34,2020-12-18,2020-12-04,-0.690359,-0.6420297,-1.2601063,-1.3088162,-0.85981715,-1.115483,-1.145508,-0.93171144,-1.2372506,-1.287903,-1.1199387188398284,-0.6075282929401395,4
VPact (mbar)_fold4_x35,2020-12-05,2020-12-04,-0.75949943,-0.9120555,-0.9481214,-0.98646975,-0.9763052,-0.91475767,-1.0419161,-1.1921853,-1.0213836,-0.92768383,-0.860863852927045,-1.086743231465888,4
VPact (mbar)_fold4_x35,2020-12-06,2020-12-04,-0.6666839,-0.8993276,-0.83486634,-0.9361983,-0.91215646,-0.8003738,-0.97816646,-0.8036065,-0.91880655,-0.9029509,-0.7240975351813718,-1.2126682722518183,4
VPact (mbar)_fold4_x35,2020-12-07,2020-12-04,-0.6533404,-0.9128417,-0.803309,-0.9313712,-0.8547488,-0.83397317,-0.8647694,-0.92282176,-0.9401663,-0.8930563,-0.6632019293937107,-0.6210410028444843,4
VPact (mbar)_fold4_x35,2020-12-08,2020-12-04,-0.65189964,-0.91278094,-0.9582933,-0.89705664,-0.7577767,-0.92269087,-0.9901792,-0.7828343,-0.8302396,-0.93004584,-0.7552482834597811,-0.7640153551101447,4
VPact (mbar)_fold4_x35,2020-12-09,2020-12-04,-0.6517195,-0.8965819,-0.9184085,-0.98068607,-0.7374903,-0.90489495,-0.99064684,-0.80005896,-0.816909,-0.9776343,-0.6305347146676709,-0.9467653585751127,4
VPact (mbar)_fold4_x35,2020-12-10,2020-12-04,-0.6516957,-0.9865047,-1.0706741,-0.94233096,-0.74472547,-0.892074,-1.0859809,-0.81597006,-0.87983996,-0.96601295,-0.6325250768801859,-0.8409286377509028,4
VPact (mbar)_fold4_x35,2020-12-11,2020-12-04,-0.6516926,-1.0136697,-0.9710333,-0.90760696,-0.6965622,-0.9441962,-0.9657608,-0.5575723,-0.8481683,-0.9625144,-0.7351393065031812,-0.8180710653579726,4
VPact (mbar)_fold4_x35,2020-12-12,2020-12-04,-0.6516922,-0.92349863,-0.8788784,-0.9802937,-0.7754907,-0.94314635,-0.9731721,-0.6008024,-0.8957155,-0.92331064,-0.6473422177955752,-0.5701603942213826,4
VPact (mbar)_fold4_x35,2020-12-13,2020-12-04,-0.65169215,-0.8763001,-0.98260653,-0.9261616,-0.82979274,-0.90659636,-1.0353116,-0.8077744,-0.96325284,-0.9658425,-0.3746310016300287,-0.052113340575118884,4
VPact (mbar)_fold4_x35,2020-12-14,2020-12-04,-0.6516921,-0.7932888,-0.9651854,-0.91606325,-0.7640854,-0.8229018,-0.96412563,-0.59418666,-0.9725818,-0.95477796,-0.5004977167833579,-0.24121354728953948,4
VPact (mbar)_fold4_x35,2020-12-15,2020-12-04,-0.65169215,-0.83947134,-0.9496695,-0.9079209,-0.79548013,-0.82828265,-0.9226084,-0.7977886,-0.9614932,-0.9116677,-0.502914585184269,-0.9193741833647873,4
VPact (mbar)_fold4_x35,2020-12-16,2020-12-04,-0.65169215,-0.85202134,-0.8382606,-0.9584261,-0.8156321,-0.80673206,-0.8764736,-1.0190328,-0.9438342,-0.8785214,-0.10338886233562417,-0.9705549259723159,4
VPact (mbar)_fold4_x35,2020-12-17,2020-12-04,-0.65169215,-0.8332107,-0.82588315,-0.9469329,-0.8273245,-0.73649126,-0.8132758,-0.6786363,-0.8881767,-0.8791769,-0.3983257898742549,-0.6738961771546047,4
VPact (mbar)_fold4_x35,2020-12-18,2020-12-04,-0.65169215,-0.7370787,-0.8708305,-0.9160375,-0.8485021,-0.807452,-0.8143383,-0.61292875,-0.94388235,-0.8866966,-0.5638101909719301,-0.7018244342317992,4
max. PAR (�mol/m�/s)_fold4_x36,2020-12-05,2020-12-04,-0.36125875,-0.4295423,-0.4770547,-0.4854533,-0.48691416,-0.479961,-0.5005906,-0.48270798,-0.4848545,-0.47129205,-0.5241177402616256,-0.4341108937080219,4
max. PAR (�mol/m�/s)_fold4_x36,2020-12-06,2020-12-04,-0.3163866,-0.4161722,-0.47438496,-0.48291036,-0.4918756,-0.5040043,-0.49655297,-0.50183964,-0.48652974,-0.46507984,-0.5303457480155145,-0.43243084036467994,4
max. PAR (�mol/m�/s)_fold4_x36,2020-12-07,2020-12-04,-0.32123482,-0.42977348,-0.45075256,-0.4788286,-0.43977314,-0.49858108,-0.5251695,-0.508116,-0.48724848,-0.46195072,-0.47616138973118294,-0.5417331428299665,4
max. PAR (�mol/m�/s)_fold4_x36,2020-12-08,2020-12-04,-0.32204065,-0.43052903,-0.49655166,-0.4881398,-0.44538444,-0.48248684,-0.5054335,-0.5027638,-0.48882997,-0.47828555,-0.44253006150699586,-0.5547194748494926,4
max. PAR (�mol/m�/s)_fold4_x36,2020-12-09,2020-12-04,-0.322183,-0.41587558,-0.47567195,-0.48932293,-0.42971545,-0.48590532,-0.48491,-0.54834974,-0.48415157,-0.48629,-0.5382870030062178,-0.46850412878534214,4
max. PAR (�mol/m�/s)_fold4_x36,2020-12-10,2020-12-04,-0.32222226,-0.5080732,-0.49907374,-0.49244162,-0.41065228,-0.45638236,-0.51570785,-0.49397936,-0.48864895,-0.4879754,-0.5639965057068529,-0.5194239048223062,4
max. PAR (�mol/m�/s)_fold4_x36,2020-12-11,2020-12-04,-0.32224554,-0.53824234,-0.52856845,-0.49211338,-0.39252058,-0.48423818,-0.49542683,-0.5257694,-0.4874084,-0.4938028,-0.555835697737339,-0.5099863649779786,4
max. PAR (�mol/m�/s)_fold4_x36,2020-12-12,2020-12-04,-0.32226637,-0.45180452,-0.46962997,-0.48188835,-0.395803,-0.4710411,-0.49077213,-0.48169196,-0.47361517,-0.48128745,-0.515370594150077,-0.5507371896738501,4
max. PAR (�mol/m�/s)_fold4_x36,2020-12-13,2020-12-04,-0.32228687,-0.40906858,-0.5026362,-0.47632453,-0.37804073,-0.49940187,-0.54555625,-0.49174964,-0.45387527,-0.5006646,-0.5317486634853279,-0.5540816486195066,4
max. PAR (�mol/m�/s)_fold4_x36,2020-12-14,2020-12-04,-0.3223073,-0.33124918,-0.50127876,-0.49114054,-0.400543,-0.49074495,-0.53821206,-0.5192785,-0.43375927,-0.48720354,-0.44516469725272223,-0.5228977856074877,4
max. PAR (�mol/m�/s)_fold4_x36,2020-12-15,2020-12-04,-0.32232767,-0.38335276,-0.5106419,-0.47957042,-0.40258643,-0.4828711,-0.5141525,-0.5303792,-0.444402,-0.48844266,-0.5272864704710465,-0.405076633269681,4
max. PAR (�mol/m�/s)_fold4_x36,2020-12-16,2020-12-04,-0.32234803,-0.40255296,-0.46632472,-0.49154782,-0.37638175,-0.4620544,-0.49123865,-0.5102494,-0.46319214,-0.46763173,-0.44553752713906025,-0.4415623661013732,4
max. PAR (�mol/m�/s)_fold4_x36,2020-12-17,2020-12-04,-0.32236838,-0.39112195,-0.44638896,-0.47986367,-0.36959514,-0.48560303,-0.47795805,-0.50649196,-0.45247266,-0.45646742,-0.48002450750829695,-0.4907253944834005,4
max. PAR (�mol/m�/s)_fold4_x36,2020-12-18,2020-12-04,-0.32238874,-0.30309874,-0.44430202,-0.47962707,-0.36384964,-0.43948263,-0.4499971,-0.52400154,-0.43879834,-0.46232978,-0.4445250360175053,-0.47075222607624034,4
rh (%)_fold4_x37,2020-12-05,2020-12-04,0.27311802,0.52457136,0.62258065,0.4904827,0.39330286,0.60415983,0.5294367,0.68348193,0.5141001,0.73044324,0.9193549111046444,1.007685902145274,4
rh (%)_fold4_x37,2020-12-06,2020-12-04,0.20713305,0.47426218,0.684778,0.6802915,0.63082,0.8578875,0.4458887,0.6027708,0.75287735,0.79947156,1.5728935992603055,0.6758700575351608,4
rh (%)_fold4_x37,2020-12-07,2020-12-04,0.20010224,0.40364018,1.0927145,0.7833143,0.96821654,0.46627557,0.628375,0.5859536,0.79302514,0.86033076,1.1808237050288624,0.7701885489199971,4
rh (%)_fold4_x37,2020-12-08,2020-12-04,0.19824949,0.35252252,0.9275858,0.91490376,1.2425492,0.32151055,0.7303568,0.8307962,0.80551267,0.9557108,1.0141473461512895,0.7128635819502631,4
rh (%)_fold4_x37,2020-12-09,2020-12-04,0.19812816,0.32347265,1.1370112,0.80395675,1.0916116,0.71759105,1.0017407,0.7774166,0.9070399,0.99859357,1.7132253553740453,0.47414408379287415,4
rh (%)_fold4_x37,2020-12-10,2020-12-04,0.19808578,0.19423011,0.6997092,0.8260869,1.3465374,0.6797488,0.66473264,0.625965,0.62187684,0.9312471,1.7312574306319324,0.831986359198053,4
rh (%)_fold4_x37,2020-12-11,2020-12-04,0.19808733,0.13367468,0.8934575,0.8580964,1.3438973,0.7989305,1.0002198,0.84126437,0.626915,0.93954885,1.3646546028530038,0.9459549991236709,4
rh (%)_fold4_x37,2020-12-12,2020-12-04,0.19808891,0.19638485,0.93870765,0.79999083,1.0775156,0.7545148,0.96924037,0.47978616,1.053508,0.94826525,1.3399947216995074,0.9231168389202529,4
rh (%)_fold4_x37,2020-12-13,2020-12-04,0.1980904,0.22205167,0.97280115,0.84591967,0.8746249,0.8337314,0.7944871,0.44527847,1.0609813,0.9712577,1.514983608083026,1.3063002894927784,4
rh (%)_fold4_x37,2020-12-14,2020-12-04,0.19809115,0.28946066,0.783296,0.8210584,0.7768953,0.8187948,0.7492151,0.6319321,0.94562656,0.93212724,1.1384279634061096,0.6500364252817159,4
rh (%)_fold4_x37,2020-12-15,2020-12-04,0.1980916,0.23360525,0.7713882,0.8213016,0.91669405,0.7103447,0.8557826,0.44452143,0.85663295,0.8337147,0.7661230009460424,0.37885548897527266,4
rh (%)_fold4_x37,2020-12-16,2020-12-04,0.19809183,0.21731174,0.854393,0.80003214,0.93730277,0.7412561,0.6426948,0.48096344,1.1368327,0.8306216,1.251681985154156,0.544121124921992,4
rh (%)_fold4_x37,2020-12-17,2020-12-04,0.1980919,0.23830804,0.9183686,0.67619085,0.82937443,0.45811725,0.6467807,0.7247225,1.2015076,0.81378293,1.2920042232564948,0.8972276663939396,4
rh (%)_fold4_x37,2020-12-18,2020-12-04,0.1980919,0.34255528,0.8169815,0.76152706,0.78864884,0.31379604,0.6490816,0.53462744,1.3192886,0.8486656,1.454385467698924,-0.03451965392842537,4
sh (g/kg)_fold4_x38,2020-12-05,2020-12-04,-0.7507881,-0.88481456,-0.92847747,-0.96259886,-0.93152547,-0.911362,-1.017635,-1.1652151,-0.99380094,-0.91213834,-0.8331540361841456,-1.0998911495543298,4
sh (g/kg)_fold4_x38,2020-12-06,2020-12-04,-0.65877944,-0.8721527,-0.8253651,-0.925697,-0.8828634,-0.7946442,-0.96460783,-0.78244394,-0.889555,-0.8926484,-0.6953505769546244,-1.21640440551722,4
sh (g/kg)_fold4_x38,2020-12-07,2020-12-04,-0.6496293,-0.88574666,-0.8037235,-0.92472094,-0.8329336,-0.8361683,-0.8602201,-0.90292907,-0.916821,-0.8832129,-0.635328191905049,-0.6250350969482001,4
sh (g/kg)_fold4_x38,2020-12-08,2020-12-04,-0.6484541,-0.8857794,-0.947185,-0.8943834,-0.7413846,-0.92485887,-0.9758518,-0.7641953,-0.8063534,-0.918195,-0.7348611800058532,-0.7732556643268214,4
sh (g/kg)_fold4_x38,2020-12-09,2020-12-04,-0.6483153,-0.8696871,-0.91556525,-0.97118783,-0.73211527,-0.9203249,-0.9881546,-0.7910176,-0.79127276,-0.96674436,-0.6156596996140103,-0.9641119672014011,4
sh (g/kg)_fold4_x38,2020-12-10,2020-12-04,-0.648304,-0.9597306,-1.0600238,-0.9340803,-0.73388124,-0.89306164,-1.0720557,-0.8043467,-0.85222816,-0.9546234,-0.6155356864217592,-0.8530457522212364,4
sh (g/kg)_fold4_x38,2020-12-11,2020-12-04,-0.6483057,-0.9870301,-0.96986634,-0.9021038,-0.688138,-0.94276017,-0.9611587,-0.5325149,-0.82496744,-0.9561488,-0.7095376861481604,-0.8281191005787474,4
sh (g/kg)_fold4_x38,2020-12-12,2020-12-04,-0.6483076,-0.8970069,-0.8839263,-0.9775445,-0.76795566,-0.9361625,-0.9679063,-0.57006097,-0.871036,-0.9192232,-0.6187352267818398,-0.5833666643518006,4
sh (g/kg)_fold4_x38,2020-12-13,2020-12-04,-0.64830893,-0.8499702,-0.97557175,-0.9254903,-0.82305825,-0.89439684,-1.0249972,-0.7812231,-0.9399076,-0.95738184,-0.36376410351339517,-0.057649939760560244,4
sh (g/kg)_fold4_x38,2020-12-14,2020-12-04,-0.6483099,-0.7671342,-0.9481279,-0.91401935,-0.76359725,-0.82474005,-0.94749427,-0.56499517,-0.94246674,-0.9423746,-0.49462282397684987,-0.24287604370693616,4
sh (g/kg)_fold4_x38,2020-12-15,2020-12-04,-0.6483104,-0.81350553,-0.9477671,-0.90430737,-0.8015194,-0.828305,-0.9164065,-0.7550549,-0.9286621,-0.90657556,-0.49695427199117215,-0.9331582744155045,4
sh (g/kg)_fold4_x38,2020-12-16,2020-12-04,-0.6483109,-0.8262582,-0.83420986,-0.95164376,-0.81450605,-0.8236098,-0.87475604,-0.9964315,-0.9123362,-0.87179464,-0.11127324408997435,-0.9753227597809087,4
sh (g/kg)_fold4_x38,2020-12-17,2020-12-04,-0.64831114,-0.8076639,-0.82277626,-0.9353371,-0.8187396,-0.7671127,-0.8122017,-0.6597191,-0.8553451,-0.8661136,-0.40721832607821185,-0.6784351775315622,4
sh (g/kg)_fold4_x38,2020-12-18,2020-12-04,-0.6483114,-0.7117618,-0.86494565,-0.9090899,-0.8428569,-0.83425945,-0.809322,-0.58450377,-0.91463685,-0.8758676,-0.5759258728167294,-0.6949041294625201,4
